46 98 36 27 95
-76 2
16 18
-98 38
-4 17
80 55
-100 25
77 7
28 76
96 43
21 95
-14 6
-54 99
-4 39
9 57
73 65
-86 54
80 100
-41 42
1 47
67 55
-88 75
-91 43
-39 36
38 30
-85 85
86 87
-74 10
76 73
93 31
-67 46
67 40
57 32
82 82
72 76
44 15
-41 61
-85 49
85 33
-100 15
49 48
84 61
-32 19
16 99
-66 92
-50 8
58 4
42
-70
-19
39
90
-32
36
-26
48
-95
56
71
17
88
27
81
83
58
-27
14
-35
-75
-25
-32
-24
16
74
91
26
-28
-73
33
-83
64
64
95
72
-9
50
29
-61
-27
-28
-57
15
-89
-68
76
-70
-22
-51
34
-15
-96
9
-47
48
80
-91
89
0
83
-18
47
41
-28
47
38
-44
39
85
90
-88
34
54
63
-96
-19
66
37
10
-57
59
-23
-70
32
3
-12
91
-26
-49
38
48
-91
50
15
8
-88
