0 
0 0 
0 1 0 
0 0 1 0 
0 1 2 1 0 
0 0 0 2 1 0 
0 1 1 3 2 1 0 
0 0 2 0 3 2 1 0 
0 1 0 1 4 3 2 1 0 
0 0 1 2 0 4 3 2 1 0 
0 1 2 3 1 5 4 3 2 1 0 
0 0 0 0 2 0 5 4 3 2 1 0 
0 1 1 1 3 1 6 5 4 3 2 1 0 
0 0 2 2 4 2 0 6 5 4 3 2 1 0 
0 1 0 3 0 3 1 7 6 5 4 3 2 1 0 
0 0 1 0 1 4 2 0 7 6 5 4 3 2 1 0 
0 1 2 1 2 5 3 1 8 7 6 5 4 3 2 1 0 
0 0 0 2 3 0 4 2 0 8 7 6 5 4 3 2 1 0 
0 1 1 3 4 1 5 3 1 9 8 7 6 5 4 3 2 1 0 
0 0 2 0 0 2 6 4 2 0 9 8 7 6 5 4 3 2 1 0 
0 1 0 1 1 3 0 5 3 1 10 9 8 7 6 5 4 3 2 1 0 
0 0 1 2 2 4 1 6 4 2 0 10 9 8 7 6 5 4 3 2 1 0 
0 1 2 3 3 5 2 7 5 3 1 11 10 9 8 7 6 5 4 3 2 1 0 
0 0 0 0 4 0 3 0 6 4 2 0 11 10 9 8 7 6 5 4 3 2 1 0 
0 1 1 1 0 1 4 1 7 5 3 1 12 11 10 9 8 7 6 5 4 3 2 1 0 
0 0 2 2 1 2 5 2 8 6 4 2 0 12 11 10 9 8 7 6 5 4 3 2 1 0 
0 1 0 3 2 3 6 3 0 7 5 3 1 13 12 11 10 9 8 7 6 5 4 3 2 1 0 
0 0 1 0 3 4 0 4 1 8 6 4 2 0 13 12 11 10 9 8 7 6 5 4 3 2 1 0 
0 1 2 1 4 5 1 5 2 9 7 5 3 1 14 13 12 11 10 9 8 7 6 5 4 3 2 1 0 
0 0 0 2 0 0 2 6 3 0 8 6 4 2 0 14 13 12 11 10 9 8 7 6 5 4 3 2 1 0 
0 1 1 3 1 1 3 7 4 1 9 7 5 3 1 15 14 13 12 11 10 9 8 7 6 5 4 3 2 1 0 
0 0 2 0 2 2 4 0 5 2 10 8 6 4 2 0 15 14 13 12 11 10 9 8 7 6 5 4 3 2 1 0 
0 1 0 1 3 3 5 1 6 3 0 9 7 5 3 1 16 15 14 13 12 11 10 9 8 7 6 5 4 3 2 1 0 
0 0 1 2 4 4 6 2 7 4 1 10 8 6 4 2 0 16 15 14 13 12 11 10 9 8 7 6 5 4 3 2 1 0 
0 1 2 3 0 5 0 3 8 5 2 11 9 7 5 3 1 17 16 15 14 13 12 11 10 9 8 7 6 5 4 3 2 1 0 
0 0 0 0 1 0 1 4 0 6 3 0 10 8 6 4 2 0 17 16 15 14 13 12 11 10 9 8 7 6 5 4 3 2 1 0 
0 1 1 1 2 1 2 5 1 7 4 1 11 9 7 5 3 1 18 17 16 15 14 13 12 11 10 9 8 7 6 5 4 3 2 1 0 
0 0 2 2 3 2 3 6 2 8 5 2 12 10 8 6 4 2 0 18 17 16 15 14 13 12 11 10 9 8 7 6 5 4 3 2 1 0 
0 1 0 3 4 3 4 7 3 9 6 3 0 11 9 7 5 3 1 19 18 17 16 15 14 13 12 11 10 9 8 7 6 5 4 3 2 1 0 
0 0 1 0 0 4 5 0 4 0 7 4 1 12 10 8 6 4 2 0 19 18 17 16 15 14 13 12 11 10 9 8 7 6 5 4 3 2 1 0 
0 1 2 1 1 5 6 1 5 1 8 5 2 13 11 9 7 5 3 1 20 19 18 17 16 15 14 13 12 11 10 9 8 7 6 5 4 3 2 1 0 
0 0 0 2 2 0 0 2 6 2 9 6 3 0 12 10 8 6 4 2 0 20 19 18 17 16 15 14 13 12 11 10 9 8 7 6 5 4 3 2 1 0 
0 1 1 3 3 1 1 3 7 3 10 7 4 1 13 11 9 7 5 3 1 21 20 19 18 17 16 15 14 13 12 11 10 9 8 7 6 5 4 3 2 1 0 
0 0 2 0 4 2 2 4 8 4 0 8 5 2 14 12 10 8 6 4 2 0 21 20 19 18 17 16 15 14 13 12 11 10 9 8 7 6 5 4 3 2 1 0 
0 1 0 1 0 3 3 5 0 5 1 9 6 3 0 13 11 9 7 5 3 1 22 21 20 19 18 17 16 15 14 13 12 11 10 9 8 7 6 5 4 3 2 1 0 
0 0 1 2 1 4 4 6 1 6 2 10 7 4 1 14 12 10 8 6 4 2 0 22 21 20 19 18 17 16 15 14 13 12 11 10 9 8 7 6 5 4 3 2 1 0 
0 1 2 3 2 5 5 7 2 7 3 11 8 5 2 15 13 11 9 7 5 3 1 23 22 21 20 19 18 17 16 15 14 13 12 11 10 9 8 7 6 5 4 3 2 1 0 
0 0 0 0 3 0 6 0 3 8 4 0 9 6 3 0 14 12 10 8 6 4 2 0 23 22 21 20 19 18 17 16 15 14 13 12 11 10 9 8 7 6 5 4 3 2 1 0 
0 1 1 1 4 1 0 1 4 9 5 1 10 7 4 1 15 13 11 9 7 5 3 1 24 23 22 21 20 19 18 17 16 15 14 13 12 11 10 9 8 7 6 5 4 3 2 1 0 
0 0 2 2 0 2 1 2 5 0 6 2 11 8 5 2 16 14 12 10 8 6 4 2 0 24 23 22 21 20 19 18 17 16 15 14 13 12 11 10 9 8 7 6 5 4 3 2 1 0 
0 1 0 3 1 3 2 3 6 1 7 3 12 9 6 3 0 15 13 11 9 7 5 3 1 25 24 23 22 21 20 19 18 17 16 15 14 13 12 11 10 9 8 7 6 5 4 3 2 1 0 
0 0 1 0 2 4 3 4 7 2 8 4 0 10 7 4 1 16 14 12 10 8 6 4 2 0 25 24 23 22 21 20 19 18 17 16 15 14 13 12 11 10 9 8 7 6 5 4 3 2 1 0 
0 1 2 1 3 5 4 5 8 3 9 5 1 11 8 5 2 17 15 13 11 9 7 5 3 1 26 25 24 23 22 21 20 19 18 17 16 15 14 13 12 11 10 9 8 7 6 5 4 3 2 1 0 
0 0 0 2 4 0 5 6 0 4 10 6 2 12 9 6 3 0 16 14 12 10 8 6 4 2 0 26 25 24 23 22 21 20 19 18 17 16 15 14 13 12 11 10 9 8 7 6 5 4 3 2 1 0 
0 1 1 3 0 1 6 7 1 5 0 7 3 13 10 7 4 1 17 15 13 11 9 7 5 3 1 27 26 25 24 23 22 21 20 19 18 17 16 15 14 13 12 11 10 9 8 7 6 5 4 3 2 1 0 
0 0 2 0 1 2 0 0 2 6 1 8 4 0 11 8 5 2 18 16 14 12 10 8 6 4 2 0 27 26 25 24 23 22 21 20 19 18 17 16 15 14 13 12 11 10 9 8 7 6 5 4 3 2 1 0 
0 1 0 1 2 3 1 1 3 7 2 9 5 1 12 9 6 3 0 17 15 13 11 9 7 5 3 1 28 27 26 25 24 23 22 21 20 19 18 17 16 15 14 13 12 11 10 9 8 7 6 5 4 3 2 1 0 
0 0 1 2 3 4 2 2 4 8 3 10 6 2 13 10 7 4 1 18 16 14 12 10 8 6 4 2 0 28 27 26 25 24 23 22 21 20 19 18 17 16 15 14 13 12 11 10 9 8 7 6 5 4 3 2 1 0 
0 1 2 3 4 5 3 3 5 9 4 11 7 3 14 11 8 5 2 19 17 15 13 11 9 7 5 3 1 29 28 27 26 25 24 23 22 21 20 19 18 17 16 15 14 13 12 11 10 9 8 7 6 5 4 3 2 1 0 
0 0 0 0 0 0 4 4 6 0 5 0 8 4 0 12 9 6 3 0 18 16 14 12 10 8 6 4 2 0 29 28 27 26 25 24 23 22 21 20 19 18 17 16 15 14 13 12 11 10 9 8 7 6 5 4 3 2 1 0 
0 1 1 1 1 1 5 5 7 1 6 1 9 5 1 13 10 7 4 1 19 17 15 13 11 9 7 5 3 1 30 29 28 27 26 25 24 23 22 21 20 19 18 17 16 15 14 13 12 11 10 9 8 7 6 5 4 3 2 1 0 
0 0 2 2 2 2 6 6 8 2 7 2 10 6 2 14 11 8 5 2 20 18 16 14 12 10 8 6 4 2 0 30 29 28 27 26 25 24 23 22 21 20 19 18 17 16 15 14 13 12 11 10 9 8 7 6 5 4 3 2 1 0 
0 1 0 3 3 3 0 7 0 3 8 3 11 7 3 15 12 9 6 3 0 19 17 15 13 11 9 7 5 3 1 31 30 29 28 27 26 25 24 23 22 21 20 19 18 17 16 15 14 13 12 11 10 9 8 7 6 5 4 3 2 1 0 
0 0 1 0 4 4 1 0 1 4 9 4 12 8 4 0 13 10 7 4 1 20 18 16 14 12 10 8 6 4 2 0 31 30 29 28 27 26 25 24 23 22 21 20 19 18 17 16 15 14 13 12 11 10 9 8 7 6 5 4 3 2 1 0 
0 1 2 1 0 5 2 1 2 5 10 5 0 9 5 1 14 11 8 5 2 21 19 17 15 13 11 9 7 5 3 1 32 31 30 29 28 27 26 25 24 23 22 21 20 19 18 17 16 15 14 13 12 11 10 9 8 7 6 5 4 3 2 1 0 
0 0 0 2 1 0 3 2 3 6 0 6 1 10 6 2 15 12 9 6 3 0 20 18 16 14 12 10 8 6 4 2 0 32 31 30 29 28 27 26 25 24 23 22 21 20 19 18 17 16 15 14 13 12 11 10 9 8 7 6 5 4 3 2 1 0 
0 1 1 3 2 1 4 3 4 7 1 7 2 11 7 3 16 13 10 7 4 1 21 19 17 15 13 11 9 7 5 3 1 33 32 31 30 29 28 27 26 25 24 23 22 21 20 19 18 17 16 15 14 13 12 11 10 9 8 7 6 5 4 3 2 1 0 
0 0 2 0 3 2 5 4 5 8 2 8 3 12 8 4 0 14 11 8 5 2 22 20 18 16 14 12 10 8 6 4 2 0 33 32 31 30 29 28 27 26 25 24 23 22 21 20 19 18 17 16 15 14 13 12 11 10 9 8 7 6 5 4 3 2 1 0 
0 1 0 1 4 3 6 5 6 9 3 9 4 13 9 5 1 15 12 9 6 3 0 21 19 17 15 13 11 9 7 5 3 1 34 33 32 31 30 29 28 27 26 25 24 23 22 21 20 19 18 17 16 15 14 13 12 11 10 9 8 7 6 5 4 3 2 1 0 
0 0 1 2 0 4 0 6 7 0 4 10 5 0 10 6 2 16 13 10 7 4 1 22 20 18 16 14 12 10 8 6 4 2 0 34 33 32 31 30 29 28 27 26 25 24 23 22 21 20 19 18 17 16 15 14 13 12 11 10 9 8 7 6 5 4 3 2 1 0 
0 1 2 3 1 5 1 7 8 1 5 11 6 1 11 7 3 17 14 11 8 5 2 23 21 19 17 15 13 11 9 7 5 3 1 35 34 33 32 31 30 29 28 27 26 25 24 23 22 21 20 19 18 17 16 15 14 13 12 11 10 9 8 7 6 5 4 3 2 1 0 
0 0 0 0 2 0 2 0 0 2 6 0 7 2 12 8 4 0 15 12 9 6 3 0 22 20 18 16 14 12 10 8 6 4 2 0 35 34 33 32 31 30 29 28 27 26 25 24 23 22 21 20 19 18 17 16 15 14 13 12 11 10 9 8 7 6 5 4 3 2 1 0 
0 1 1 1 3 1 3 1 1 3 7 1 8 3 13 9 5 1 16 13 10 7 4 1 23 21 19 17 15 13 11 9 7 5 3 1 36 35 34 33 32 31 30 29 28 27 26 25 24 23 22 21 20 19 18 17 16 15 14 13 12 11 10 9 8 7 6 5 4 3 2 1 0 
0 0 2 2 4 2 4 2 2 4 8 2 9 4 14 10 6 2 17 14 11 8 5 2 24 22 20 18 16 14 12 10 8 6 4 2 0 36 35 34 33 32 31 30 29 28 27 26 25 24 23 22 21 20 19 18 17 16 15 14 13 12 11 10 9 8 7 6 5 4 3 2 1 0 
0 1 0 3 0 3 5 3 3 5 9 3 10 5 0 11 7 3 18 15 12 9 6 3 0 23 21 19 17 15 13 11 9 7 5 3 1 37 36 35 34 33 32 31 30 29 28 27 26 25 24 23 22 21 20 19 18 17 16 15 14 13 12 11 10 9 8 7 6 5 4 3 2 1 0 
0 0 1 0 1 4 6 4 4 6 10 4 11 6 1 12 8 4 0 16 13 10 7 4 1 24 22 20 18 16 14 12 10 8 6 4 2 0 37 36 35 34 33 32 31 30 29 28 27 26 25 24 23 22 21 20 19 18 17 16 15 14 13 12 11 10 9 8 7 6 5 4 3 2 1 0 
0 1 2 1 2 5 0 5 5 7 0 5 12 7 2 13 9 5 1 17 14 11 8 5 2 25 23 21 19 17 15 13 11 9 7 5 3 1 38 37 36 35 34 33 32 31 30 29 28 27 26 25 24 23 22 21 20 19 18 17 16 15 14 13 12 11 10 9 8 7 6 5 4 3 2 1 0 
0 0 0 2 3 0 1 6 6 8 1 6 0 8 3 14 10 6 2 18 15 12 9 6 3 0 24 22 20 18 16 14 12 10 8 6 4 2 0 38 37 36 35 34 33 32 31 30 29 28 27 26 25 24 23 22 21 20 19 18 17 16 15 14 13 12 11 10 9 8 7 6 5 4 3 2 1 0 
0 1 1 3 4 1 2 7 7 9 2 7 1 9 4 15 11 7 3 19 16 13 10 7 4 1 25 23 21 19 17 15 13 11 9 7 5 3 1 39 38 37 36 35 34 33 32 31 30 29 28 27 26 25 24 23 22 21 20 19 18 17 16 15 14 13 12 11 10 9 8 7 6 5 4 3 2 1 0 
0 0 2 0 0 2 3 0 8 0 3 8 2 10 5 0 12 8 4 0 17 14 11 8 5 2 26 24 22 20 18 16 14 12 10 8 6 4 2 0 39 38 37 36 35 34 33 32 31 30 29 28 27 26 25 24 23 22 21 20 19 18 17 16 15 14 13 12 11 10 9 8 7 6 5 4 3 2 1 0 
0 1 0 1 1 3 4 1 0 1 4 9 3 11 6 1 13 9 5 1 18 15 12 9 6 3 0 25 23 21 19 17 15 13 11 9 7 5 3 1 40 39 38 37 36 35 34 33 32 31 30 29 28 27 26 25 24 23 22 21 20 19 18 17 16 15 14 13 12 11 10 9 8 7 6 5 4 3 2 1 0 
0 0 1 2 2 4 5 2 1 2 5 10 4 12 7 2 14 10 6 2 19 16 13 10 7 4 1 26 24 22 20 18 16 14 12 10 8 6 4 2 0 40 39 38 37 36 35 34 33 32 31 30 29 28 27 26 25 24 23 22 21 20 19 18 17 16 15 14 13 12 11 10 9 8 7 6 5 4 3 2 1 0 
0 1 2 3 3 5 6 3 2 3 6 11 5 13 8 3 15 11 7 3 20 17 14 11 8 5 2 27 25 23 21 19 17 15 13 11 9 7 5 3 1 41 40 39 38 37 36 35 34 33 32 31 30 29 28 27 26 25 24 23 22 21 20 19 18 17 16 15 14 13 12 11 10 9 8 7 6 5 4 3 2 1 0 
0 0 0 0 4 0 0 4 3 4 7 0 6 0 9 4 16 12 8 4 0 18 15 12 9 6 3 0 26 24 22 20 18 16 14 12 10 8 6 4 2 0 41 40 39 38 37 36 35 34 33 32 31 30 29 28 27 26 25 24 23 22 21 20 19 18 17 16 15 14 13 12 11 10 9 8 7 6 5 4 3 2 1 0 
0 1 1 1 0 1 1 5 4 5 8 1 7 1 10 5 0 13 9 5 1 19 16 13 10 7 4 1 27 25 23 21 19 17 15 13 11 9 7 5 3 1 42 41 40 39 38 37 36 35 34 33 32 31 30 29 28 27 26 25 24 23 22 21 20 19 18 17 16 15 14 13 12 11 10 9 8 7 6 5 4 3 2 1 0 
0 0 2 2 1 2 2 6 5 6 9 2 8 2 11 6 1 14 10 6 2 20 17 14 11 8 5 2 28 26 24 22 20 18 16 14 12 10 8 6 4 2 0 42 41 40 39 38 37 36 35 34 33 32 31 30 29 28 27 26 25 24 23 22 21 20 19 18 17 16 15 14 13 12 11 10 9 8 7 6 5 4 3 2 1 0 
0 1 0 3 2 3 3 7 6 7 10 3 9 3 12 7 2 15 11 7 3 21 18 15 12 9 6 3 0 27 25 23 21 19 17 15 13 11 9 7 5 3 1 43 42 41 40 39 38 37 36 35 34 33 32 31 30 29 28 27 26 25 24 23 22 21 20 19 18 17 16 15 14 13 12 11 10 9 8 7 6 5 4 3 2 1 0 
0 0 1 0 3 4 4 0 7 8 0 4 10 4 13 8 3 16 12 8 4 0 19 16 13 10 7 4 1 28 26 24 22 20 18 16 14 12 10 8 6 4 2 0 43 42 41 40 39 38 37 36 35 34 33 32 31 30 29 28 27 26 25 24 23 22 21 20 19 18 17 16 15 14 13 12 11 10 9 8 7 6 5 4 3 2 1 0 
0 1 2 1 4 5 5 1 8 9 1 5 11 5 14 9 4 17 13 9 5 1 20 17 14 11 8 5 2 29 27 25 23 21 19 17 15 13 11 9 7 5 3 1 44 43 42 41 40 39 38 37 36 35 34 33 32 31 30 29 28 27 26 25 24 23 22 21 20 19 18 17 16 15 14 13 12 11 10 9 8 7 6 5 4 3 2 1 0 
0 0 0 2 0 0 6 2 0 0 2 6 12 6 0 10 5 0 14 10 6 2 21 18 15 12 9 6 3 0 28 26 24 22 20 18 16 14 12 10 8 6 4 2 0 44 43 42 41 40 39 38 37 36 35 34 33 32 31 30 29 28 27 26 25 24 23 22 21 20 19 18 17 16 15 14 13 12 11 10 9 8 7 6 5 4 3 2 1 0 
0 1 1 3 1 1 0 3 1 1 3 7 0 7 1 11 6 1 15 11 7 3 22 19 16 13 10 7 4 1 29 27 25 23 21 19 17 15 13 11 9 7 5 3 1 45 44 43 42 41 40 39 38 37 36 35 34 33 32 31 30 29 28 27 26 25 24 23 22 21 20 19 18 17 16 15 14 13 12 11 10 9 8 7 6 5 4 3 2 1 0 
0 0 2 0 2 2 1 4 2 2 4 8 1 8 2 12 7 2 16 12 8 4 0 20 17 14 11 8 5 2 30 28 26 24 22 20 18 16 14 12 10 8 6 4 2 0 45 44 43 42 41 40 39 38 37 36 35 34 33 32 31 30 29 28 27 26 25 24 23 22 21 20 19 18 17 16 15 14 13 12 11 10 9 8 7 6 5 4 3 2 1 0 
0 1 0 1 3 3 2 5 3 3 5 9 2 9 3 13 8 3 17 13 9 5 1 21 18 15 12 9 6 3 0 29 27 25 23 21 19 17 15 13 11 9 7 5 3 1 46 45 44 43 42 41 40 39 38 37 36 35 34 33 32 31 30 29 28 27 26 25 24 23 22 21 20 19 18 17 16 15 14 13 12 11 10 9 8 7 6 5 4 3 2 1 0 
0 0 1 2 4 4 3 6 4 4 6 10 3 10 4 14 9 4 18 14 10 6 2 22 19 16 13 10 7 4 1 30 28 26 24 22 20 18 16 14 12 10 8 6 4 2 0 46 45 44 43 42 41 40 39 38 37 36 35 34 33 32 31 30 29 28 27 26 25 24 23 22 21 20 19 18 17 16 15 14 13 12 11 10 9 8 7 6 5 4 3 2 1 0 
0 1 2 3 0 5 4 7 5 5 7 11 4 11 5 15 10 5 0 15 11 7 3 23 20 17 14 11 8 5 2 31 29 27 25 23 21 19 17 15 13 11 9 7 5 3 1 47 46 45 44 43 42 41 40 39 38 37 36 35 34 33 32 31 30 29 28 27 26 25 24 23 22 21 20 19 18 17 16 15 14 13 12 11 10 9 8 7 6 5 4 3 2 1 0 
0 0 0 0 1 0 5 0 6 6 8 0 5 12 6 0 11 6 1 16 12 8 4 0 21 18 15 12 9 6 3 0 30 28 26 24 22 20 18 16 14 12 10 8 6 4 2 0 47 46 45 44 43 42 41 40 39 38 37 36 35 34 33 32 31 30 29 28 27 26 25 24 23 22 21 20 19 18 17 16 15 14 13 12 11 10 9 8 7 6 5 4 3 2 1 0 
0 1 1 1 2 1 6 1 7 7 9 1 6 13 7 1 12 7 2 17 13 9 5 1 22 19 16 13 10 7 4 1 31 29 27 25 23 21 19 17 15 13 11 9 7 5 3 1 48 47 46 45 44 43 42 41 40 39 38 37 36 35 34 33 32 31 30 29 28 27 26 25 24 23 22 21 20 19 18 17 16 15 14 13 12 11 10 9 8 7 6 5 4 3 2 1 0 
0 0 2 2 3 2 0 2 8 8 10 2 7 0 8 2 13 8 3 18 14 10 6 2 23 20 17 14 11 8 5 2 32 30 28 26 24 22 20 18 16 14 12 10 8 6 4 2 0 48 47 46 45 44 43 42 41 40 39 38 37 36 35 34 33 32 31 30 29 28 27 26 25 24 23 22 21 20 19 18 17 16 15 14 13 12 11 10 9 8 7 6 5 4 3 2 1 0 
0 1 0 3 4 3 1 3 0 9 0 3 8 1 9 3 14 9 4 19 15 11 7 3 24 21 18 15 12 9 6 3 0 31 29 27 25 23 21 19 17 15 13 11 9 7 5 3 1 49 48 47 46 45 44 43 42 41 40 39 38 37 36 35 34 33 32 31 30 29 28 27 26 25 24 23 22 21 20 19 18 17 16 15 14 13 12 11 10 9 8 7 6 5 4 3 2 1 0 
0 0 1 0 0 4 2 4 1 0 1 4 9 2 10 4 15 10 5 0 16 12 8 4 0 22 19 16 13 10 7 4 1 32 30 28 26 24 22 20 18 16 14 12 10 8 6 4 2 0 49 48 47 46 45 44 43 42 41 40 39 38 37 36 35 34 33 32 31 30 29 28 27 26 25 24 23 22 21 20 19 18 17 16 15 14 13 12 11 10 9 8 7 6 5 4 3 2 1 0 
