100 100
73198523 -22275064 -83924932 -79228090 45431005 94594947 60595740 -49678349 81105061 -5598369 13992654 12362272 37633477 -8300390 -69568520 15784793 59845349 -44024431 10033545 85726631 94959105 71974544 -55246819 -93753445 -55864800 -13279527 41478352 54058733 -57285611 27711245 8762255 -40827679 90795105 -10049808 -54101763 67137150 -96245750 25942172 41822297 -48252265 -63625987 -86389126 -60865436 -14630461 51931822 33838158 58840939 79132125 34488416 -4541156 95781239 25024043 3871571 -15912822 93682356 51702994 -89317522 -32576624 43170424 60550755 -54960215 17520095 -31108922 1836315 -95538048 52108098 -42228176 9442300 -32789718 68731591 -67058339 -72146701 -34760789 -4519990 -53837708 26522086 -27254719 -50301198 -53494590 -86551564 60349208 59185466 47976539 37563820 70137782 10432531 -62758865 80032188 63946582 95185629 71893698 -99823776 -24371386 -39495420 49473644 -10769302 38813966 -37051758 -75386457 -62320910 
46098091 44709743 50400636 69941969 39456995 1089380 68942188 18077017 3796227 58616478 49043068 29116186 56865376 80882170 73954172 70921874 83092970 87331714 72729280 14582622 61203040 16120066 4781026 40861745 40775209 66512920 96272469 35804805 44659475 46805065 83680746 79667126 91542217 77536383 9233267 83981216 48717366 9365423 36893814 4794770 4998830 3267686 90384847 33592413 46933401 70314192 78673921 98750087 15192717 69138963 78552372 92500815 57507987 34939855 21818973 19043820 92813854 87092072 20786972 68654866 43383583 7995616 81128555 3874155 82084222 34510203 15732060 24885593 58550947 68368842 67722968 84591325 90296779 30191813 76060074 73296652 2541058 76959435 409858 66452247 2776325 64062922 24102467 39911101 42324274 56136655 87663572 74337723 13021736 81599411 26864027 86189002 91815820 1920363 23521775 7919512 78958283 91938103 50536788 91933064 
2 6 16
2 4 7
1 3 5 26434808
2 32 35
1 10 15 10730324
3 78 264405
1 7 30 30874726
1 33 66 75540734
2 11 84
1 8 70 62193722
3 31 32267482
3 74 7708830
1 64 73 1036777
2 15 30
3 11 76826566
2 30 61
2 45 72
1 25 49 -9973828
1 22 96 -17722565
1 13 71 90331142
1 19 93 -46691656
2 93 97
2 63 85
2 90 94
2 34 40
2 78 90
2 16 31
2 9 21
1 46 62 53122932
2 18 33
1 80 85 2623361
1 72 82 -68914311
2 41 50
1 77 83 -39177606
1 29 90 59347386
1 9 71 36074040
3 83 38283072
2 93 94
1 31 85 46864129
2 14 38
3 43 40810287
3 47 77514890
1 12 74 -6795173
1 23 81 91669849
2 58 85
1 73 80 -7982617
2 29 30
1 12 31 -57359268
3 76 48681948
3 84 22628816
3 71 9339167
1 26 28 54314651
2 34 49
2 46 76
3 61 76863865
2 60 65
2 44 44
2 98 98
1 20 95 -82237650
2 59 98
1 29 63 -91863368
3 28 28738305
3 38 46035325
2 14 52
1 28 67 -88092590
2 34 95
2 6 96
1 73 93 -99194449
1 4 54 32217897
3 3 49310007
3 43 27484295
2 11 97
3 70 42010187
3 70 54733632
1 50 60 36230633
2 9 50
1 56 98 78547598
2 56 88
2 7 46
3 76 66838276
1 6 63 -91199042
3 51 35455637
3 75 13463671
3 8 73931138
1 2 39 33581456
1 13 42 -99934159
3 17 89743859
3 90 17928525
2 95 96
1 6 28 69887671
3 93 29633786
3 82 75990392
3 75 65748124
3 2 88695492
1 18 26 67609333
1 39 41 -33234064
1 1 15 -61810863
2 26 41
3 42 20241362
2 43 44
