        10         10         10         10         10         10         10         10         10         10 
        60         60         60         60         60         60         -1         30         30         30 
       450        450        450        450        450        450        450        450        450        450 
      4500       4500       4500       4500       4500       4500       4500       4500       4500       4500 
     27000      27000      27000      27000      27000      27000         -1      13500      13500      13500 
    202500     202500     202500     202500     202500     202500     202500     202500     202500     202500 
   2025000    2025000    2025000    2025000    2025000    2025000    2025000    2025000    2025000    2025000 
  10125000   10125000   10125000   10125000   10125000         -1         -1    6075000    6075000    6075000 
  50625000   50625000   50625000   50625000   50625000   50625000         -1   18225000   18225000   18225000 
 358425000  358425000  358425000  358425000  358425000  358425000  358425000  358425000  358425000  358425000 
589516941
