5
20
171215673 385583976
720983001 435089599
85564221 226169927
655493325 908708409
157073013 754900763
935140192 583357252
703201805 620870508
78338243 473840204
584616110 805417932
969266598 334467404
594421527 422771928
259844698 291117312
101614913 488810645
873821528 219115750
983395056 479127757
994953665 915755787
726543170 900572292
387728329 830545677
419528702 929617751
724787582 758870425
20
100835772 719597333
721260292 217813652
962494162 724693833
131497167 874575671
590727852 597163429
190944304 406538712
232166635 768337392
516324922 786745899
270436041 272726335
519869962 366653889
909353385 288557358
740311441 483049441
212314669 143386347
145737447 514537836
192303403 237272986
935188850 410923935
197250154 797484721
435485925 481309387
481244512 635328867
66789895 480441016
20
688617191 933153600
261120398 738026631
23205166 197967999
203101827 85701266
598216500 741359306
932697983 74948078
38938276 161555613
928422932 568277722
101664140 69204287
618044305 622607645
425325046 964424950
127753906 848037458
774005302 533876596
393278894 869154141
331766 256908812
302146897 929078979
841204267 254330688
153950503 714787445
945899625 394840236
764486394 362657878
20
733719380 678208100
466404599 888536566
492243822 621687396
256177078 83930456
60054985 332106320
911296805 677583280
100229975 749923647
329718159 76148225
847661813 485717353
249045624 472621122
296708892 697426074
878639219 99827627
83935386 725389067
930674668 492372878
953997140 396123356
93008494 298725352
537112680 68256052
308423490 295541398
830808070 645251039
929558809 671480597
20
38295258 230488134
988252935 40534050
201882063 409969016
700413381 198123612
741215233 901551674
324868308 231067022
895195613 192674316
111615639 956505396
379460553 648949078
242634349 603682079
516002288 149463490
180822232 874251486
556650884 4189025
80694698 86190567
195519627 841137555
239501834 95730074
931332109 797321505
661740501 683054786
47985952 815916167
334454121 268117328
