1538
797
3260
1302
3993
793
1360
2002
602
1635
171
1644
587
1168
535
3395
2843
365
525
1445
1675
2903
2628
828
148
3865
1978
1463
293
922
1910
2768
1353
3379
2971
2177
2636
427
1084
3484
950
1155
3217
3073
2688
1646
3745
1334
3290
1132
1136
194
730
1133
4001
1218
2859
485
8
3905
106
2670
775
925
835
1290
144
786
210
1860
1458
2827
326
2541
3312
1742
1046
2880
1239
1002
251
1773
1437
720
1798
2419
404
649
123
3175
630
1345
572
535
1329
430
1235
1898
1279
3997
1247
3020
238
1543
2349
1927
2828
2683
254
2829
926
1489
1345
853
4277
639
1478
568
1425
1631
1888
2315
4191
3861
1490
3587
585
1223
1380
3906
1104
1149
2468
194
160
1559
2324
974
3806
1561
200
497
1143
1944
422
380
1920
1419
2079
2944
269
2118
1318
4328
2005
1107
2046
1830
1046
237
2587
805
2345
1875
3686
2647
86
2408
3481
2937
904
583
803
1390
1796
287
3687
3230
1698
2166
686
1134
526
3344
765
76
2875
338
3543
1588
2992
1761
1139
2530
2867
1611
829
2855
461
460
4403
2960
635
442
1520
1664
843
4390
3315
3362
2539
1337
3113
3657
1771
2114
272
874
2198
1202
206
2122
976
62
22
2372
666
400
108
3364
2058
900
3363
274
3533
815
12
288
1948
1241
1545
220
914
3784
478
1832
1744
1131
3344
2419
2386
3446
655
605
1176
568
1183
2888
1312
3265
206
766
630
395
3872
1134
2976
2155
1138
1680
765
1250
224
2346
2651
1505
2841
1796
978
587
1609
1368
2609
914
1967
1363
1989
4297
129
208
2611
1598
3852
3247
1691
3934
782
4106
657
3566
699
318
461
1771
1406
2501
1524
267
2683
2400
1270
249
1460
1803
595
4421
2114
2308
1949
2569
473
2795
1728
4355
4717
3218
2109
3963
567
2003
1011
1264
3976
1825
722
1834
146
117
639
491
1290
1967
525
2612
392
770
2953
1541
961
459
196
226
2528
3288
2208
2691
1848
1651
3664
532
715
3731
629
2235
1941
100
1417
3950
547
519
1979
74
366
2281
63
3047
61
275
533
2573
757
3227
1016
3831
3835
1188
555
1398
3706
2208
79
218
511
1880
2271
2133
1723
713
2434
103
187
579
3727
1311
1230
4809
522
1565
3565
608
3339
400
1099
4018
1446
1263
1527
2839
675
299
483
547
1304
23
620
1356
820
1042
2317
1380
2601
943
2769
2550
507
1905
3714
50
1060
700
662
2282
417
2149
3576
4440
517
907
2503
2544
258
4188
3178
509
4493
2874
1710
4627
2455
194
3613
1082
3346
58
2489
1662
2800
2808
3040
2139
1441
421
2386
783
1309
1622
3734
1781
510
1416
1408
4587
960
879
2804
3210
2054
302
233
108
3114
2423
1557
164
734
2035
1055
1791
955
1345
3598
4182
2360
1245
2656
166
1140
1390
1046
1651
73
3912
1386
3254
1290
1929
1111
4337
4224
185
3852
494
1013
3583
2358
4250
1622
628
3420
1507
1236
3660
1519
3655
3626
1008
555
443
257
670
1714
1226
3420
552
2077
1194
2668
2172
749
1805
42
74
3370
61
3291
1251
576
791
3358
1601
176
3250
1763
1523
542
1001
1583
449
1247
821
854
1022
235
1632
1150
2923
630
2591
2166
1710
1845
1420
699
4582
917
1281
767
2947
2812
1287
1176
259
967
1518
3071
1383
548
2151
2378
2715
1409
2982
26
2122
1330
271
1403
2330
1869
1540
800
4394
31
702
3463
3129
1645
3369
753
2702
1175
3586
1904
1482
107
3096
1634
4044
2077
1720
889
406
446
1753
161
623
1586
641
1492
675
668
3580
3675
2296
3778
349
376
2298
4277
1786
816
2362
1196
1331
68
2157
3874
2689
586
131
4395
1022
611
270
2609
1832
2107
123
2676
2257
2210
3932
406
576
2467
1591
2121
420
222
840
1435
1493
60
2198
2538
23
656
2456
2359
1248
1659
731
1320
327
1421
1714
2121
424
3448
4091
2246
778
1537
1557
853
429
2839
1768
2424
4141
1372
569
40
479
1409
131
2817
4339
3303
459
1419
830
54
119
2293
1825
2867
3705
844
1301
401
942
2931
1589
2149
2129
3264
2094
1360
4364
645
4264
318
755
980
2598
1763
1823
1917
2070
1426
1775
543
3555
259
277
1233
418
3336
36
3181
252
1843
476
494
2236
1006
252
340
186
775
2105
2882
3997
855
3706
3472
1308
1199
997
3052
653
917
2107
2592
381
1106
3545
609
3580
1862
3283
410
2718
2288
1908
783
2181
374
820
3209
2020
3027
706
390
701
1548
538
779
633
2273
2464
2708
1575
1770
544
1443
2077
25
1863
1873
1349
585
2643
30
1852
125
538
3525
2577
2999
864
188
1205
49
4368
487
3953
1606
125
1166
525
296
377
4071
874
640
2614
1174
1414
1397
1435
2472
705
299
357
1789
3553
1377
863
3553
3172
680
411
779
3488
2958
1387
3793
2167
64
319
4689
824
56
230
166
4283
3487
456
3236
1753
3171
95
2864
219
1409
368
2092
994
1210
293
111
1795
480
3645
973
1497
3630
1635
2253
127
1213
1029
2456
2360
32
1082
1665
818
3782
2373
749
927
2166
1827
1107
548
718
1681
539
1982
1397
1857
250
2634
191
3166
709
3256
1720
671
3652
983
2383
903
77
1667
426
703
189
749
461
982
1439
2229
1541
1597
2822
3423
4068
3619
3073
2753
399
1365
3507
2178
668
3550
174
1718
12
526
2053
220
1379
2184
339
191
3591
3506
3386
852
2489
1674
117
723
1148
1438
2027
4399
751
1747
2469
3444
2428
373
2024
2263
2034
1525
750
2361
2855
2944
1338
1313
274
211
2625
3164
2126
1363
1773
1628
279
2745
1907
3861
1726
1788
4536
2855
1952
179
1436
1210
1061
1292
3326
4016
701
2491
1710
3909
1270
1959
120
1257
1321
2086
1413
888
555
332
1069
2363
2057
566
3956
23
706
695
4420
1714
157
2224
3034
598
2125
3705
597
2998
2335
3521
2690
579
298
1642
381
2594
1581
1178
1138
3058
811
1350
759
1737
506
324
2989
26
3943
1830
2371
1427
1196
2268
2320
1913
3849
1839
3165
2711
281
3341
1228
1959
2269
2582
2563
320
829
286
2168
58
2843
2556
1959
1342
1022
3852
1738
807
599
1336
95
2186
269
2290
2706
890
2335
627
1057
2515
1499
1042
3181
1684
2051
4342
539
1330
1910
4096
1589
665
3725
1753
625
4738
3015
720
1769
642
528
915
703
701
1135
1114
61
329
3689
3154
1057
1641
2854
599
1639
220
1502
374
1284
996
2845
2666
1411
303
1908
3058
1797
3343
352
766
1723
1331
894
614
407
2020
714
3795
1106
1350
887
520
3238
880
605
1000
3287
2883
1701
1271
1981
328
298
53
2551
3535
869
3082
1628
149
1465
1038
1594
1236
78
352
2705
657
3333
1736
1650
1294
147
1024
2446
1933
1124
2090
2479
590
1624
83
311
1044
150
3124
1256
2703
2999
756
57
98
156
2982
1025
4039
2255
1332
1009
2548
1060
2938
1702
259
352
1575
3165
703
1080
1800
179
2549
32
1514
76
1321
501
2062
1039
589
182
333
4469
3498
1904
379
316
1863
1469
55
1510
273
272
575
2680
1534
1951
738
2905
1169
2681
2880
2715
84
219
350
1154
1054
955
933
9
2701
1118
2789
1774
2513
2260
1320
1731
75
1898
2804
3749
1599
4202
2202
3240
2923
1858
1073
1476
1020
1321
4339
4222
4203
851
141
1802
2776
2278
1352
2127
4324
66
2303
167
1341
3820
2219
3420
1797
263
2965
413
684
165
532
2848
592
2612
144
3200
1860
349
2969
939
2974
187
253
2569
3973
3746
2996
507
414
1058
1067
2422
974
1855
1382
3287
919
869
1181
4165
2350
472
155
379
3493
2125
1156
280
862
4124
9
2986
475
125
2277
912
2505
2191
1285
3819
142
2395
1489
2498
2314
940
877
2553
3712
1644
1134
1078
157
1346
1524
3097
1643
1463
345
66
161
1559
2197
316
321
3966
73
2237
2430
1402
1705
3294
888
773
240
504
1298
1627
2653
1093
3001
3384
2315
4449
218
1721
1615
1502
3012
182
1881
553
2081
255
2470
3121
4474
540
326
3044
720
3195
3263
1098
2263
2890
1519
157
1819
1585
1099
2134
849
439
1730
2969
2804
691
2560
898
1933
330
570
2617
1712
3068
2460
3411
704
2218
4369
691
546
564
1354
923
1525
2460
2524
2092
3264
1242
805
3346
3000
1603
838
3768
255
431
4892
1726
2463
1501
630
184
3770
162
899
433
1281
3559
1145
3579
89
2794
1799
2653
265
1191
549
324
1105
4670
288
18
3014
686
1792
474
1915
924
1831
3957
1515
1447
687
1186
1415
1560
2725
276
601
1891
1900
598
2408
1713
1611
309
3710
268
2688
3575
205
2770
3810
1445
65
1520
1525
546
2573
1113
15
999
530
1954
3522
3731
320
729
1024
35
2306
68
3161
2038
790
176
2836
106
1367
1920
2993
756
1002
2830
1353
2645
3567
1079
885
1745
376
1194
197
3769
1587
2492
2804
3572
1049
1661
2671
2991
1852
407
792
1334
1520
1744
2502
137
3477
515
3159
2151
1913
1677
860
1829
560
380
2128
3546
225
459
4020
530
469
804
1160
3198
4408
1717
3150
1677
1475
1039
1993
455
732
2341
3599
343
3395
2413
3105
13
975
1956
327
882
3045
1564
862
3540
53
671
155
3413
3573
2265
58
2467
2742
2123
567
2231
4039
212
600
1453
1830
650
129
323
2038
1217
2177
148
2598
362
973
662
2132
2370
1655
2591
1330
366
409
1187
3166
3138
389
810
3433
2059
4056
402
104
3841
1891
2369
3223
1245
2169
1525
354
625
2376
2857
3733
1983
1473
2501
544
1000
2608
328
1464
2779
1038
387
336
33
198
2533
4615
2535
1819
1073
1316
2328
965
2800
1450
2470
3936
2747
2825
595
242
3088
582
163
1458
2168
3143
752
230
627
531
1319
753
3113
1705
157
3902
1610
2105
52
2521
2552
1900
3190
2382
102
248
307
3169
564
4248
1671
1373
2426
924
3818
1565
1917
3167
85
1562
2360
325
650
1149
670
1656
321
1048
794
1386
2301
3031
1679
1265
1658
1819
2506
297
322
4106
159
839
333
485
313
4647
1341
3354
1337
3335
4011
394
964
2189
3076
990
404
1388
2310
119
2039
393
476
2086
1193
2807
4294
2989
3807
416
2815
14
2923
1808
333
558
78
47
1492
2265
2245
20
3721
359
1060
435
3142
1915
44
1142
3707
3101
3663
660
4203
2355
2051
2922
1729
715
1334
591
3330
1452
746
404
2323
98
1339
1649
2997
969
808
3825
3868
1692
905
1560
2451
1740
55
454
1439
1009
1042
2079
243
2386
140
3660
3546
1695
2066
17
1062
878
2756
1750
71
3154
3971
4611
365
1470
1119
2864
958
1279
114
435
3644
1140
988
1001
1762
340
210
1776
487
905
511
3373
417
764
2319
1365
2307
2694
3421
3266
959
1507
12
3623
84
3229
2508
22
1184
2377
311
1526
618
3029
1110
2215
806
1458
1348
3736
423
6
1316
2480
1202
4151
3937
1477
624
1445
3998
218
4496
582
1319
583
3224
1805
680
98
1326
3473
520
1522
1165
570
1679
463
396
775
943
1214
3679
577
1371
1985
1416
1478
1368
1868
1337
65
3202
911
1750
1123
1193
4319
1681
3298
2583
279
1815
2288
535
786
2845
944
3281
2129
1445
452
1325
135
472
3711
946
1995
3871
1062
689
1838
961
2016
1471
1173
4109
224
1877
2926
929
561
1076
258
1583
3539
529
617
1537
1457
4196
3553
3056
2458
1289
2217
355
2228
2804
3459
428
1842
1666
235
722
1171
2958
699
99
530
855
4617
389
1168
1464
995
1137
2656
80
4358
3192
1493
206
2949
2197
2580
2318
4169
687
1052
892
3908
420
330
1896
1868
4325
2255
384
2780
2758
1446
2394
1127
90
1468
200
768
2702
972
2375
1432
2557
438
1340
1081
1785
844
427
3777
133
1703
1104
1968
2425
300
1691
997
2974
3310
1769
2757
1815
845
55
365
1308
1009
597
1989
889
3886
1663
3894
695
3517
466
3202
1782
435
1515
884
1709
1089
2876
424
2109
2016
4283
3629
2407
2547
3318
2601
2391
336
1775
1410
1939
969
110
1468
833
4332
41
1548
113
359
81
146
151
1231
305
732
3188
2443
729
2127
640
3487
414
1520
527
2968
2144
2050
117
169
737
396
3984
1382
1462
3939
867
235
28
506
276
2062
2710
880
1655
188
630
1496
2177
2522
955
3535
486
3260
1801
1184
3005
887
4304
1208
1446
2814
3296
1012
469
3433
3959
425
503
2580
3556
246
1725
700
1780
1587
643
319
610
125
2971
2667
2994
750
786
1310
4340
469
1824
558
2492
2154
2729
3105
1362
3498
1882
2137
106
1823
995
2957
112
2235
366
2497
256
1089
1344
2018
535
2908
976
270
101
434
3674
838
184
780
555
1462
792
901
1485
1950
2189
2151
1286
842
3340
1047
447
294
3557
611
3516
1916
1054
2288
4310
2219
2180
714
1506
220
4757
2370
3093
668
3317
3014
4441
3490
3078
522
161
1615
1869
3156
3846
50
607
2400
3262
607
3271
3207
2134
2962
1659
259
1800
724
460
518
841
86
1012
1782
1299
661
2566
2104
2038
1863
1573
1769
2429
2505
643
1250
44
688
811
2579
2589
1614
1422
1409
457
2647
383
2514
154
1257
257
71
1070
2427
1756
2052
988
786
628
1436
3570
2277
2709
1178
4691
3694
691
3185
1922
949
29
360
1023
1802
1116
890
1288
584
367
2665
2777
4736
1998
23
1008
370
1738
973
3003
55
1166
1186
435
1461
424
1141
245
1261
197
2130
1368
3608
1103
4125
1252
2643
1127
1591
4142
2264
1140
2626
3137
86
1790
944
2218
3784
1878
1142
1455
2567
731
2099
1610
926
87
557
3353
2618
1929
709
2558
569
1844
3835
2908
200
863
1628
627
2217
751
514
587
504
4062
2582
1684
2249
1991
2491
110
2275
43
349
425
765
1957
2066
259
922
2175
213
3527
1291
463
3036
2641
2068
1808
576
3055
836
340
4485
997
282
1323
221
3206
1409
1645
1101
2363
786
1842
1766
345
1238
1662
2015
1269
1141
1746
12
133
984
1113
2407
1410
1403
1730
3220
197
1918
3290
2036
1517
4811
300
19
399
3277
185
582
1884
4412
2012
184
4554
1930
904
1993
294
1151
1144
979
1799
897
4094
2656
2242
4460
649
3382
2883
2624
698
2209
2263
805
1686
60
328
4052
2508
1001
2122
3782
1370
1269
3107
2273
1456
595
2328
4515
3794
1611
14
2432
1561
1681
1744
5
657
1798
557
392
518
307
288
4028
448
2897
3680
2565
1790
3315
128
3417
3891
224
1344
1073
2940
2663
1478
2715
1726
941
1027
947
3558
2289
1130
3162
1958
1175
1425
430
3647
1691
4371
3562
1180
1139
884
2035
885
856
2508
457
1607
1059
2781
2443
1242
1737
1841
334
3649
2159
4141
171
1581
1530
2061
441
1902
3336
1519
1767
2938
804
1681
1069
1293
67
4005
1821
4581
75
2594
2694
2756
1897
2043
1089
2480
459
515
1385
1648
3909
1374
364
3969
1393
553
12
471
394
2770
1049
2442
192
500
134
4225
3898
920
1159
334
2709
2168
2951
1037
287
2786
3851
2865
3778
1063
4212
1085
2638
234
402
441
379
2808
827
4676
637
164
2442
401
123
1768
421
956
2797
1064
478
2508
3242
3421
592
1158
461
3243
2710
2521
1686
603
434
718
1342
1849
1828
1570
2895
2289
1127
800
1592
2592
646
2364
1405
1975
1623
2681
1627
231
592
27
1181
197
1115
150
617
819
1293
1496
1878
3349
2725
3264
155
1674
1501
61
1915
3935
1956
352
149
2032
3838
879
337
165
188
3422
1538
4458
1062
4249
645
670
2611
1431
325
882
1249
1100
819
3390
2014
2427
2092
1192
1311
2525
1010
1248
1653
2232
2742
1895
906
294
3213
852
501
990
2289
413
63
2693
4907
28
2467
438
3101
350
766
250
2576
1033
855
3119
2010
1399
1861
1313
2542
926
1082
3060
1268
1396
752
783
3577
3321
2164
1468
2650
2857
1145
1947
3101
151
695
2634
1586
1649
2446
1659
3170
1209
661
1102
2327
2200
1806
1094
317
1321
1615
171
3956
1113
37
88
4436
1741
32
831
2999
1117
2859
2092
1652
2168
821
1109
641
1030
1433
3825
646
78
736
3980
606
3062
2264
1855
898
609
1926
3550
757
664
3650
217
801
710
725
3382
341
547
1014
522
2050
1442
394
900
1737
2223
1965
2904
3807
64
1519
905
455
2022
1727
608
630
2340
4372
1223
2872
1470
2179
1313
3505
907
719
1262
43
1006
2247
2586
1355
2717
425
990
1300
1079
3817
1181
1970
2370
1074
584
1093
3704
576
3153
1385
3118
3739
2413
21
2069
694
593
768
354
2740
3752
288
1669
1173
2987
411
610
132
1830
2323
614
1248
2238
3686
1554
426
1127
2749
500
2003
3897
117
2667
2309
501
248
84
43
