1 0.500000 0.500000
2 0.750000 0.750000
3 0.625000 0.625000
4 0.687500 0.687500
5 0.656250 0.656250
6 0.671875 0.671875
7 0.664062 0.664062
8 0.667969 0.667969
9 0.666016 0.666016
10 0.666992 0.666992
11 0.666504 0.666504
12 0.666748 0.666748
13 0.666626 0.666626
14 0.666687 0.666687
15 0.666656 0.666656
16 0.666672 0.666672
17 0.666664 0.666664
18 0.666668 0.666668
19 0.666666 0.666666
20 0.666667 0.666667
21 0.666667 0.666667
22 0.666667 0.666667
23 0.666667 0.666667
24 0.666667 0.666667
25 0.666667 0.666667
26 0.666667 0.666667
27 0.666667 0.666667
28 0.666667 0.666667
29 0.666667 0.666667
30 0.666667 0.666667
31 0.666667 0.666667
32 0.666667 0.666667
33 0.666667 0.666667
34 0.666667 0.666667
35 0.666667 0.666667
36 0.666667 0.666667
37 0.666667 0.666667
38 0.666667 0.666667
39 0.666667 0.666667
40 0.666667 0.666667
41 0.666667 0.666667
42 0.666667 0.666667
43 0.666667 0.666667
44 0.666667 0.666667
45 0.666667 0.666667
46 0.666667 0.666667
47 0.666667 0.666667
48 0.666667 0.666667
49 0.666667 0.666667
50 0.666667 0.666667
51 0.666667 0.666667
52 0.666667 0.666667
53 0.666667 0.666667
54 0.666667 0.666667
55 0.666667 0.666667
56 0.666667 0.666667
57 0.666667 0.666667
58 0.666667 0.666667
59 0.666667 0.666667
60 0.666667 0.666667
61 0.666667 0.666667
62 0.666667 0.666667
63 0.666667 0.666667
64 0.666667 0.666667
65 0.666667 0.666667
66 0.666667 0.666667
67 0.666667 0.666667
68 0.666667 0.666667
69 0.666667 0.666667
70 0.666667 0.666667
71 0.666667 0.666667
72 0.666667 0.666667
73 0.666667 0.666667
74 0.666667 0.666667
75 0.666667 0.666667
76 0.666667 0.666667
77 0.666667 0.666667
78 0.666667 0.666667
79 0.666667 0.666667
80 0.666667 0.666667
81 0.666667 0.666667
82 0.666667 0.666667
83 0.666667 0.666667
84 0.666667 0.666667
85 0.666667 0.666667
86 0.666667 0.666667
87 0.666667 0.666667
88 0.666667 0.666667
89 0.666667 0.666667
90 0.666667 0.666667
91 0.666667 0.666667
92 0.666667 0.666667
93 0.666667 0.666667
94 0.666667 0.666667
95 0.666667 0.666667
96 0.666667 0.666667
97 0.666667 0.666667
98 0.666667 0.666667
99 0.666667 0.666667
100 1.000000 1.000000
66.888889
1 0.000000 0.000000
2 0.000000 0.000000
3 0.000000 0.000000
4 0.000000 0.000000
5 0.000000 0.000000
6 0.000000 0.000000
7 0.000000 0.000000
8 0.000000 0.000000
9 0.000000 0.000000
10 0.000000 0.000000
11 0.000000 0.000000
12 0.000000 0.000000
13 0.000000 0.000000
14 0.000000 0.000000
15 0.000000 0.000000
16 0.000000 0.000000
17 0.000000 0.000000
18 0.000000 0.000000
19 0.000000 0.000000
20 0.000000 0.000000
21 0.000000 0.000000
22 0.000000 0.000000
23 0.000000 0.000000
24 0.000000 0.000000
25 0.000000 0.000000
26 0.000000 0.000000
27 0.000000 0.000000
28 0.000000 0.000000
29 0.000000 0.000000
30 0.000000 0.000000
31 0.000000 0.000000
32 0.000000 0.000000
33 0.000000 0.000000
34 0.000000 0.000000
35 0.000000 0.000000
36 0.000000 0.000000
37 0.000000 0.000000
38 0.000000 0.000000
39 0.000000 0.000000
40 0.000000 0.000000
41 0.000000 0.000000
42 0.000000 0.000000
43 0.000000 0.000000
44 0.000000 0.000000
45 0.000000 0.000000
46 0.000000 0.000000
47 0.000000 0.000000
48 0.000000 0.000000
49 0.000000 0.000000
50 0.000000 0.000000
51 0.000000 0.000000
52 0.000000 0.000000
53 0.000000 0.000000
54 0.000000 0.000000
55 0.000000 0.000000
56 0.000000 0.000000
57 0.000000 0.000000
58 0.000000 0.000000
59 0.000000 0.000000
60 0.000000 0.000000
61 0.000000 0.000000
62 0.000000 0.000000
63 0.000000 0.000000
64 0.000000 0.000000
65 0.000000 0.000000
66 0.000000 0.000000
67 0.000000 0.000000
68 0.000000 0.000000
69 0.000000 0.000000
70 0.000000 0.000000
71 0.000000 0.000000
72 0.000000 0.000000
73 0.000000 0.000000
74 0.000000 0.000000
75 0.000000 0.000000
76 0.000000 0.000000
77 0.000000 0.000000
78 0.000000 0.000000
79 0.000000 0.000000
80 0.000000 0.000000
81 0.000000 0.000000
82 0.000000 0.000000
83 0.000000 0.000000
84 0.000000 0.000000
85 0.000000 0.000000
86 0.000000 0.000000
87 0.000000 0.000000
88 0.000000 0.000000
89 0.000000 0.000000
90 0.000000 0.000000
91 0.000000 0.000000
92 0.000000 0.000000
93 0.000000 0.000000
94 0.000000 0.000000
95 0.000000 0.000000
96 0.000000 0.000000
97 0.000000 0.000000
98 0.000000 0.000000
99 0.000000 0.000000
100 0.166667 1.666667
1.666667
1.666667
