1 0 49
1 1 -999999951
1 2 -999999951
1 3 16
1 4 9
1 5 -999999951
1 6 1
1 7 -999999951
1 8 -999999951
1 9 -999999951
1 10 -999999951
1 11 -999999951
1 12 -999999951
1 13 -999999951
1 14 -999999951
1 15 -999999951
1 16 -999999951
1 17 -999999951
1 18 -999999951
1 19 -999999951
1 20 -999999951
1 21 -999999951
1 22 -999999951
1 23 -999999951
1 24 -999999951
1 25 -999999951
1 26 -999999951
1 27 -999999951
1 28 -999999951
1 29 -999999951
1 30 -999999951
1 31 -999999951
1 32 -999999951
1 33 -999999951
1 34 -999999951
2 0 130
2 1 -999999870
2 2 -999999870
2 3 97
2 4 90
2 5 -999999870
2 6 82
2 7 53
2 8 50
2 9 49
2 10 26
2 11 17
2 12 16
2 13 9
2 14 2
2 15 1
2 16 -999999870
2 17 -999999870
2 18 -999999870
2 19 -999999870
2 20 -999999870
2 21 -999999870
2 22 -999999870
2 23 -999999870
2 24 -999999870
2 25 -999999870
2 26 -999999870
2 27 -999999870
2 28 -999999870
2 29 -999999870
2 30 -999999870
2 31 -999999870
2 32 -999999870
2 33 -999999870
2 34 -999999870
3 0 155
3 1 -999999845
3 2 -999999845
3 3 134
3 4 131
3 5 -999999845
3 6 107
3 7 98
3 8 91
3 9 86
3 10 83
3 11 54
3 12 53
3 13 50
3 14 27
3 15 26
3 16 17
3 17 10
3 18 5
3 19 2
3 20 -999999845
3 21 -999999845
3 22 -999999845
3 23 -999999845
3 24 -999999845
3 25 -999999845
3 26 -999999845
3 27 -999999845
3 28 -999999845
3 29 -999999845
3 30 -999999845
3 31 -999999845
3 32 -999999845
3 33 -999999845
3 34 -999999845
4 0 164
4 1 -999999836
4 2 -999999836
4 3 155
4 4 140
4 5 -999999836
4 6 134
4 7 131
4 8 100
4 9 107
4 10 98
4 11 91
4 12 86
4 13 83
4 14 54
4 15 53
4 16 50
4 17 27
4 18 26
4 19 17
4 20 10
4 21 5
4 22 2
4 23 -999999836
4 24 -999999836
4 25 -999999836
4 26 -999999836
4 27 -999999836
4 28 -999999836
4 29 -999999836
4 30 -999999836
4 31 -999999836
4 32 -999999836
4 33 -999999836
4 34 -999999836
5 0 264
5 1 -999999736
5 2 -999999736
5 3 255
5 4 240
5 5 -999999736
5 6 234
5 7 231
5 8 200
5 9 207
5 10 198
5 11 191
5 12 186
5 13 183
5 14 154
5 15 153
5 16 150
5 17 131
5 18 126
5 19 117
5 20 110
5 21 105
5 22 102
5 23 83
5 24 54
5 25 53
5 26 50
5 27 27
5 28 26
5 29 17
5 30 10
5 31 5
5 32 2
5 33 -999999736
5 34 -999999736
198
