30390 3
29235 0
36675 3
25922 3
6973 5
33357 2
19724 2
26121 5
39549 0
32849 7
28717 6
18380 4
16361 3
25328 0
11640 5
30146 6
39349 7
34008 3
22413 2
7126 6
1544 7
34480 5
17651 3
334 4
5730 5
1778 1
2581 0
17626 0
33479 3
21869 2
1803 0
7655 5
15759 2
22164 4
24277 1
24051 7
10206 6
8229 6
12186 3
26441 2
38105 3
11712 2
25859 5
39276 2
22310 3
24323 7
14337 0
36774 0
2864 0
22322 3
33832 0
14823 0
32024 1
18697 0
28992 3
30894 6
34316 3
21050 5
25200 1
38828 5
26093 3
30803 1
32588 2
22840 4
15160 3
17196 5
7073 6
22832 7
26267 2
18850 1
859 7
2852 4
36061 7
15195 1
23078 2
4756 3
14501 5
36642 4
17833 7
31068 4
29448 5
38308 6
38446 0
31689 2
30194 7
14824 3
26669 2
39293 3
26473 0
28565 1
181 6
832 1
29864 4
26840 3
3624 0
27720 0
38659 1
11217 6
17116 1
28066 6
