10000000 10000000 5000
3391436 8930524
5516245 281734
8186000 1940747
3199671 5688783
5552504 6666621
9819330 8875144
1240363 7683515
9005787 5744538
820461 13183
1543873 1413286
461296 8872501
9825829 4413478
677662 5493680
7223667 4840744
5119695 7683463
458182 1033569
4641716 4479336
1660573 8036000
5474592 8203898
5894862 273838
9597480 4278794
4419339 9289698
8315900 4505432
3664308 9273913
9368463 7288496
9212605 7957536
1449800 3717208
107378 6854557
7573567 5495514
1985357 8448356
526823 6083182
8861702 9945114
3457170 1110499
9889833 3567599
863865 3026610
5702618 2688005
6110 4558345
3132393 539501
6986747 4842829
2862842 4191749
6244787 9660688
2029609 4760974
7129611 3603958
4514584 1682616
890603 5201744
8351989 5521351
2600941 912203
8824020 9050061
7743902 2414101
6389721 2027743
8919524 6837477
5724413 721197
8622532 5103898
1459446 6232605
4667019 5215490
1615887 2450504
6704729 689474
5374823 775810
9973657 7051679
2371187 7957432
6631176 8141542
6908699 4861177
9626953 3901933
9635637 2830133
1395921 9877643
7891945 340351
3189683 2126861
5250408 43419
3911781 2952792
3084908 9101783
1931597 5850376
733209 273551
8950020 9561824
5051486 5179974
2956537 4121454
4636054 5636173
9698030 8375776
9270126 8375389
2706380 2517279
5528391 5206909
387478 4004087
8903555 8460318
1182722 796615
1322554 3302554
9530438 535454
2080674 3480192
7503525 7454777
6931016 174549
5835748 3642320
1360805 7031524
6881970 7232655
2068424 3994320
3881354 1967038
2136874 2905239
2835976 1955868
3767271 6230700
8928187 4291904
4893446 3045605
6594102 8755344
7961530 3920207
2486500 1033301
6836284 7187241
2481996 9427025
2872830 9495696
115955 6417014
7059814 6549068
5252166 5276599
7131372 9594698
8588841 7625962
1051420 2855558
9421950 3915727
5758618 4555808
9904963 6466378
1943013 1282843
959772 585371
2564360 7259815
4405907 551034
5451963 8023658
7868903 8012760
9489346 1899807
1159109 9906079
1658747 7533024
9136589 2486816
1659293 3772789
1882590 7665614
8506520 4319842
3534218 9258334
2253044 8864174
9307208 7980986
1525975 7683255
2917032 6328714
4957516 4268820
4831629 5748418
6387054 6256373
9771939 6689710
4416694 5711752
8426580 6195919
4929947 4335509
3773125 2437740
6035956 8985441
6899027 2234960
7549116 4701256
5880325 2428281
9222730 7526135
8064612 136908
344332 6629183
4298590 4117689
6679204 488326
8368165 3977743
760172 1686439
3694354 3850770
1721299 6046551
9641269 6097912
3964569 781206
7417766 265015
5364042 235250
7963523 6218999
546037 2209315
6181651 8368229
3467986 7476881
563696 3983101
3590922 5734762
1312679 7186021
1319499 3160583
5332074 682962
2754557 2039008
8613615 4745562
8346974 6477695
3312475 79377
9839867 312021
182592 2543639
9856970 730770
4372847 6755967
1351814 4004688
2661933 8578048
5530773 9734234
4476714 2339162
299648 5764686
6763202 918057
3789074 1147143
2486347 6668079
5440433 850133
4782854 2963049
1682512 7106086
59975 704882
9646351 422438
8968447 6565863
2504236 5495209
886396 3106877
8415685 8350355
3258470 313767
1920108 9907995
153173 2337348
3251092 2627098
4334547 1838963
156393 3297269
60949 647363
9227396 1429262
348887 4312125
2369784 5139007
2192922 8969505
8590403 6316614
7745234 3053823
1127233 3815893
903932 711120
9600593 396945
9566730 3643048
3337775 2407806
2230389 1330219
8587252 5350437
1349598 9157978
5863734 6495444
8863271 8279939
5220378 3308186
5448271 7207394
3402892 1924724
2393767 1524965
2925911 2167809
4487100 2122085
6805165 2107612
9413358 5954530
3554634 8034325
2510115 6892712
2956857 8449466
4616310 3998238
9474593 6215492
543295 4901190
1707360 7345778
1339318 7758920
603930 2686482
4756348 960802
2406634 3813888
4176220 8516334
5119220 4309790
5296002 1540313
3855343 5780486
85762 2545357
8942285 1040684
1974608 4815886
7812600 474346
3341743 5736160
9795548 9114880
5140616 9293046
6748898 5557062
6720732 6297317
6903360 1529354
3701910 1634319
7133991 3115784
4468928 207875
9626573 3352701
2836037 6981849
5667091 4273015
8689966 5974367
3586547 3918887
8030664 6864975
9393904 8629662
9574241 7696923
7106236 338286
4988181 9390010
5524764 6602973
9783362 8138198
6184505 9372746
2179575 139578
8435910 6312216
2121668 7066721
7182688 9731929
5163104 5602282
7657029 4231204
1213884 3336728
4230 8404339
4741733 3302149
2317797 8201467
3564940 495164
227558 3509249
7456046 8888513
7436683 5580301
3948099 9093092
9629040 7610702
1592236 6928232
9531007 6069432
6749999 1310918
6803877 1238584
4313697 5992559
7049724 6296458
5627784 848384
8484585 2829380
7272637 2800817
367550 2169885
6977967 9717507
3545305 9927800
8089066 5718356
8491782 361355
9917723 4390124
3328122 423431
4280116 5860178
3578169 6354699
7460109 1361255
4533906 6338167
4056239 9358249
8817981 8863090
6181743 9575061
6796802 4797019
9018745 9597651
5683353 4889341
7366724 6046114
453940 3339364
5882520 1610926
6815723 5838081
9570048 7339549
9199790 8526410
5063487 6714063
2576001 3838019
9704871 1724613
5613124 9007479
7530456 6383571
9578060 4887557
6540506 6071617
4411329 5233984
3494963 766511
5331334 872263
1583152 5190944
1405430 1714282
9018362 3300077
5037277 5993733
8074453 1927306
1075717 2617236
3569085 9223438
8067708 2102150
3021342 2744492
3474262 1238365
8099582 6642566
7738604 1770053
8084495 6762562
3868609 9674492
5979820 4852414
375771 9231836
2175678 1809548
6755980 2269845
1021174 7309780
5896809 8848093
3293744 5830788
9179542 8602471
4870603 6708571
4833689 5929030
2018789 4695477
4586004 9285862
1698825 503924
6275814 1195715
9151928 3958335
3376192 576009
7462447 3139768
5805854 8166379
9621819 7141967
9864743 2352314
8784131 384627
5006812 7890949
7879541 1369560
7195973 9481012
5253953 1610171
9201522 1189868
987257 5639899
9617158 9049002
9823438 1659843
9307401 8875606
4438276 2124217
5872423 9712653
9954977 9787045
6337567 4658808
2510328 3175073
1757623 7598253
8627051 9175266
6228846 9373361
9398777 4425982
3649407 6059393
19210 3372100
662025 8755168
6294959 8342319
4085024 257419
4347136 4184833
8639024 8490166
840988 377047
1259983 7777462
4860613 4764907
1806441 6791632
5264120 1352326
8798395 5597673
4414611 9147532
6057216 2914480
5024785 1527562
8183901 47455
2950562 8072597
1148782 4297981
7807733 4705795
247965 9039468
3537956 1850816
2415265 8692113
8483840 9055235
4951215 9837855
7047775 805122
7320322 7654932
4029777 3385893
5591732 7607772
1981706 481512
8815365 2651953
2629919 8433501
5011527 7753162
3406019 8977911
909624 3043506
5075762 1202451
1616325 574952
77677 7366340
2836678 7076643
6633262 3395420
6604046 5772798
7188656 8891757
153301 7032736
9752579 6829269
1613133 6472418
8014182 2216136
3756722 7261612
737804 586159
8362787 6793809
5727552 8914849
4940621 7738953
1113086 1543291
6413906 8855307
6935592 4421639
4609437 8897353
9461614 1293045
7560766 7953533
6068270 2197756
9657881 6564659
9044385 6977145
5453001 235179
3210569 826395
9666836 1229766
3752059 2270580
7552969 3531454
1998367 7215510
7219898 1502237
2605122 1298229
7864640 3917814
5239005 8683441
9428977 6068483
998453 9055853
4328290 799752
1063012 4733858
3168005 331502
8840643 2170196
9442173 4167154
4670981 8846407
7274913 8941113
6385539 3903076
9084507 1734394
6832882 8124743
9710440 6184608
904257 3431195
6571671 8551900
2411122 3718949
6783490 8509641
7125821 1091927
2799723 6770325
4755353 1295067
4335107 289301
7585791 898688
380261 7628760
2754386 8060135
852137 3687149
1484078 3387545
5173914 1517889
2630591 5583975
515573 9233227
9235313 841594
8850093 6419814
1346472 2496947
5659763 7012336
2456317 5178878
1712510 2662722
1370250 5025071
9144505 2491603
843363 8236006
5759212 9164248
1542062 7072641
6518095 5184400
1182425 5106508
3336984 9087445
9955403 8714457
8645039 2187282
4236740 8236094
7843 2625696
1321270 4415620
1151155 4517493
4120006 6291901
1661526 1206975
6777593 1306241
8987168 8851442
6014276 8634713
9384263 1468361
8256931 8054343
9881467 1898253
2401435 609091
7231001 5863834
3336969 2572154
7145237 4405096
1546517 5406307
9497140 7448407
9620842 4302274
6566662 8637980
1421889 1929405
8049506 9729331
5992719 5175881
4867857 5339958
9338614 4929811
7079292 8057718
9629584 5657771
4732066 7274623
6078337 4340876
3390314 8904030
1703068 3103373
5310186 9323539
5801081 3747838
3859379 342194
4023668 2144689
3017177 5099176
755822 5763586
5085298 9415863
4656063 8742370
2130278 2636253
1897430 3046220
8986746 5572378
2269542 8236245
3481678 5744887
2293592 3596010
9454142 9466692
7197038 9141335
6414089 5317127
9320541 467167
4352271 1536923
5625477 8617875
5045930 2886042
4101768 3532324
5255539 4478069
8340254 8374981
4103339 8690367
6368013 8813134
353875 7706427
5340250 213357
9481896 8664556
2636105 5817863
7222413 2022453
4984752 8181018
1295904 6118404
6782712 5724462
7916156 6577686
2399804 701680
8955145 8662501
7376112 1301660
3189243 9371455
3378327 781983
28545 5963047
7087753 2168395
7472721 6136355
5727641 8732457
9323249 2096796
7129376 4828477
1827679 5409286
4341214 4987777
5991270 825122
7349026 373882
2438975 3418752
5208030 9038974
6158272 7117484
1412527 6078992
1405700 756616
5425247 9518823
1622544 9519038
120729 9397243
3455344 161311
9846487 4796404
108572 6742896
7364031 3486986
8167510 1349322
2666332 1991286
4129593 9820452
6667126 8045710
6993553 283303
3562181 8542353
7805359 8523724
8175909 9949750
9977430 6238029
4653414 3192297
9529291 1455153
4426013 7695745
7831442 455916
6975009 9354736
9462504 9026585
1945031 3976399
6976696 9265207
7547037 3906376
9779664 6782240
6511711 6668639
3071034 4147162
2699097 3327088
9867420 3441588
4074130 4428270
3392507 6668937
7529513 2361487
2803391 6783313
4119643 4050830
1291385 7545782
8623377 6218614
7705735 1523480
3470266 1014485
5801399 7516250
3317239 5592585
7708377 9320656
1020930 8600956
1100603 5935587
4340901 5784424
5086716 8515541
3496662 5675828
7253290 4488316
335340 8901006
8420137 4708705
799856 7214880
8496677 4235178
4823745 8291958
7392373 986568
9389280 2575362
3008101 3515639
7920018 9922254
467491 556256
178530 5490251
6861696 8020422
1548278 1638247
5872356 4899239
5429202 2855052
8956350 2009494
2484216 1787720
2948230 3672043
5081689 4912930
4539012 2967329
8861245 5864820
1864641 5868431
3057859 9289945
456283 5957135
3243868 8738291
8480244 7411301
2060201 4024847
4228666 8310447
2694654 3894022
5097332 355350
4959488 5865751
9186393 5719356
41536 6002009
1850852 34243
1528465 7190855
5326709 8779701
3056994 4312146
4071408 2063015
6031107 7134436
341602 1180895
7154377 1146867
6411436 6277183
2034687 7308216
9562819 3699949
2644516 3437686
1972489 2433631
4508903 4984470
324023 4653593
4530835 3547940
1385686 1638172
6516752 9592605
4090281 9894540
4300208 7937765
8254587 6189457
8217834 1537411
1493990 8050782
6310810 5369888
485988 8500195
6584399 9497052
3424845 7584915
2671102 6441724
5849510 9497056
3892612 6381163
4431828 308704
4627264 6798588
7186683 1400142
4823649 8339103
6040908 7294153
5080229 9646586
4263204 6538318
8980694 7257401
1331720 4140133
4663366 2917578
7690039 3461087
5287549 5532715
3963147 1621289
9550383 1731044
442849 6237874
853092 8853398
6963298 7886727
4349166 4907369
9826337 1183008
4413054 463967
4119272 1225964
9355523 2178157
2961 409814
7690507 6387200
1551205 5114572
892289 7146469
3988540 578194
2692903 5998653
7082582 4633108
7199414 8725583
598927 147149
6645933 6775138
7963809 2934631
2824097 6603883
6184009 497809
7025087 86442
913469 3489536
9882244 2105592
1909816 7310106
766761 252141
6743112 720274
3945275 3483365
7980869 5769969
1849862 1315990
1858274 4173837
7840794 2622618
3132884 540582
5051576 9063394
279318 8937151
6595487 5299377
6003839 2418098
8798918 8227149
9443051 972022
6906286 2556968
6860243 5889632
2008503 9553928
3469225 4377310
3774950 5166003
4856641 237222
88868 6826406
6248741 3960988
1679545 9737962
1682759 4242634
7412460 5661086
3197215 3147862
5293005 8331674
6964094 9538606
3757669 3730985
4384408 8836567
8068356 5360879
3001294 6275201
3919695 947589
6425555 7008851
9091769 4725182
5087898 2124894
8721304 3554991
5469021 112049
988892 9163331
4187725 9382489
6321404 1977844
2436023 9107191
574162 9935932
2181293 6857087
5985195 4270175
5379482 2211507
7819054 8812361
3579185 5306660
3212730 8529501
5513163 203971
3254307 7753401
9774025 3964182
6044875 8099629
7700429 8290455
3392620 462233
744892 5358896
8602802 3813235
8379133 9650326
278880 4963779
7135071 8008582
5438481 5306839
80448 3622909
9381187 6723053
4405417 224727
4352245 9228171
6298795 462739
1830465 4044137
9629896 8252490
7778858 4934463
1930128 8305129
7619336 937330
5649910 7833055
6023424 380247
1473537 8618371
2802036 8034895
3397381 9698037
3583303 2499519
2126135 3068866
5148615 4061836
8464350 7130267
6954344 6678888
6697601 5337240
5430005 539212
2821485 7980583
2457923 9254520
6120895 5154308
3377812 5719278
3363480 1018733
1011676 7723947
9452263 6161428
9568378 291665
8948433 141044
3475941 6127593
9491515 4099287
78947 2137702
572197 8464650
1330870 1935184
8284434 3583768
7615721 7895178
2874323 242781
4793925 1141147
4807291 3565389
5588102 1146404
7494350 4481895
9146833 2659881
43688 8490397
1727188 3106210
1191690 4771719
4472206 7010814
8945210 4419581
2811554 8353734
8293636 6487198
3202388 8409125
2187321 3053952
8027644 5557092
7820081 8327608
3461786 3749408
3272892 651990
3116165 6145761
6900764 6556410
3899865 5632916
4194725 1220925
2223860 7586490
4684558 6076953
8238418 2655835
3208873 8622339
6754864 8155401
6982596 6152213
7898190 3775704
3293449 6633334
9780311 4900587
1797728 267580
4171994 1128186
6302791 1761164
6504265 4149362
4774871 6315838
5781446 2799614
6414619 7285018
9958449 9373362
4251235 8130516
473513 4182931
6291762 7902837
5845081 5951230
664306 6015088
4576576 8116499
7793217 4705596
8153354 8400787
5415618 3535950
9188720 9940856
514306 7024923
852834 9875550
2651982 4445890
3797307 6901788
7500047 9931707
606685 6146656
9519921 1814827
1795462 5460482
2459569 8990995
344544 953752
2037247 9675307
9984279 1659885
4251620 2102649
8955752 488136
8090325 1425378
8792950 5680705
6070611 2319106
2388575 3887230
4367764 5864970
2576787 9430820
1899022 6668737
4004348 1769051
7824880 7120922
7151350 4683377
5738720 3978285
9124761 2015049
8856873 1400170
3554087 4181499
7290544 1755883
5785868 7071971
2174201 5890514
7022463 5192297
4496611 2041044
5879911 9844053
5868425 7711896
5973378 7424178
5995190 2632627
296785 976877
7057781 7908317
6117778 9439607
289193 8464220
1701778 9416718
418319 9842060
9870373 4480995
9396951 8970518
9242584 9022005
6596070 555011
2320041 4852354
6339575 6471307
829291 7517321
4636498 9244310
246934 7509271
8229342 7456988
3218955 7462154
3481027 7821357
8334837 6922256
4278188 3587691
2218903 2904737
3521532 3496298
7916486 1555138
133545 6188620
7091902 2373277
85155 202969
8639877 6219969
6827859 1978105
3676643 3512713
7120229 5590710
4713396 6745210
2332968 6951529
3888995 4269039
7000321 5529310
3342175 6926801
5405056 4386757
9516253 5304429
1395282 2519634
1132276 606045
5181718 1796188
9998024 5805934
4190431 7044166
6475422 458148
4445200 6502007
8469896 4213170
2035629 6732246
2303117 9268505
9204441 1314060
8488077 7245980
8201260 8478833
7252100 7253697
6293610 1636886
5334793 508273
3950217 9513443
1940502 5608493
4353844 613787
2718042 8236930
2149730 3147941
4118630 6603027
6805962 9568397
9126219 5604711
5241250 3883197
6331046 7737268
2507781 1698210
1674826 6556859
2141085 5285003
5069092 5210483
7703859 1506737
146992 6408919
8440495 3652711
1309666 3790617
2875279 5759900
360976 166917
1318014 9355818
3710220 852025
5400855 2861869
7650849 7014531
9174321 3276956
8780014 2060672
6258827 3565813
358727 29829
8587668 9607118
7534248 7596512
7665755 8069347
68879 8840428
9418837 9430197
1882322 191040
8864564 5992912
5540894 9841357
1143771 8468621
8627187 9343185
4875037 2509630
7176134 4909940
1639300 9926129
703032 970205
8872047 5515753
2118092 8017956
9574734 341115
9650496 1372270
6563022 5427757
7332742 1338019
1458127 6616169
1024083 7373154
2229270 8310105
976034 68955
8362826 5740178
900117 3441578
1027990 214656
5360297 8639123
3044295 9795567
7957650 8592677
1421067 90520
9527019 9608743
8884225 8283245
6880654 1141699
4649994 8808934
7508779 5134241
8334694 1548741
1691309 3307041
9742449 4517412
2403937 755751
6196688 8543298
9376814 1322466
2155042 6366049
877115 3451756
8401243 6372133
6297509 1840273
5370449 5036208
6379678 5264808
5458617 5441643
451895 4538645
7438675 3713584
1713483 4981717
2189404 5502710
1500341 5785555
296432 5723312
9513489 3722485
260221 6241553
8174542 9240451
260165 5773639
5758332 772794
8500066 522239
239247 7586264
9779918 5851478
1042534 4539505
4339076 1060115
5381947 9109632
8334321 3012118
2409800 5763174
1652143 9416356
245643 5380585
3573024 5301368
8129283 8602297
8568370 2777147
7884066 6670999
9303991 4972967
3344842 1171774
6111774 9151947
6861541 6256021
142811 3403850
9466694 2150919
2616285 5270176
8404761 9553255
337900 6714807
8180356 6266480
2370700 7750495
8202086 8493643
8926080 6650982
5866092 1360106
1948643 3602749
4655013 8641389
5183315 5102235
1685112 3804640
9088307 1412809
7972204 975600
7629957 1939230
9746763 2042688
2497682 6613852
7310878 4566402
9499327 1378273
8281977 9468014
9113056 1883804
5521251 948250
9849265 1345412
8525978 6023260
3500762 1613625
5483600 3640650
3364322 5538543
4904628 137218
9625290 8657395
3221311 1677689
4695189 5825741
6282882 8136421
4584788 392431
5490777 8495547
5359937 9277690
426902 2790256
7539394 7874730
5068183 3547406
2039092 4003207
6385406 7967071
6837892 6007628
583549 6450808
463621 1749845
5390747 6916396
8619451 8419372
5863226 1966350
211826 2528876
2332967 410107
4863245 8289651
1103743 518822
7009905 729656
1677227 6547317
2773995 2701847
7312270 2573569
695165 7179057
3374934 1035204
5070996 8271778
4351087 2827062
6044720 1034561
3389669 7571490
4520779 336462
1536200 3866836
2070899 4381775
5210298 2281843
6591250 7333128
5325807 8457785
9472603 9102498
8736942 2828268
3756698 4000027
6408664 4529781
486846 3741237
5730264 5358002
6435600 7383296
1757596 4530155
3023927 8989986
2956632 1169977
1855915 2662790
3358610 7695600
6364463 8736055
7685566 6829206
5922434 3094136
5964723 3873596
1232705 159956
1863106 4180500
2612594 9000198
8085997 5544121
2732852 2692915
2878452 5241311
2663035 7418124
569860 118291
3725704 3921364
7888495 4997171
7078000 9502114
8403780 6379223
1061088 4907937
1706297 5505103
2150976 7156910
1419474 654954
7147140 5205049
6966018 2864271
3339091 9321924
4004983 7471324
5811610 4169958
9794067 6010585
7176342 7654942
1734665 6894723
8708086 1532780
8582384 8211311
7254861 8384554
3151153 2123782
1152673 2932721
7713645 5097720
6210618 4081555
7029132 5512298
6415316 3077259
1059377 2190736
2914732 7962188
2478782 2541936
8305336 3018806
9602302 2822799
9010364 34396
7561961 1701783
9502611 5695773
4726201 9629411
5184644 6325037
7824724 6046519
5828914 805350
6827265 4267569
2282873 8171014
4990302 7582012
1387155 8005509
9973242 4105445
5008698 2127116
1392073 5481772
6278197 4695200
357045 8339928
3848949 3892130
2709201 7428620
3670988 5286246
6834552 4083412
314487 3444338
3258776 5374303
5019429 6865924
2669406 5527482
7217325 6817966
5201850 8721815
9693525 3561250
2661587 9549593
8950459 3162064
6558056 6603841
3269546 2989292
8223236 8946653
7219476 995517
3089218 312
965101 8902160
3188369 571569
643095 4544752
6712084 6065288
2057860 5401523
6046114 6878866
4075326 7817994
2111849 283237
5392146 47320
6594892 8981556
9899957 8332182
5829303 409066
357176 7978234
1367676 5067069
812029 1024842
2596363 8003461
9050412 2265816
6619260 2655068
3694820 7484604
8023720 832652
6198672 7512614
3100368 7643861
1336134 4404050
343522 7128056
4587537 8581145
7427679 533174
1073077 340697
1220904 1492246
9734510 7624671
1191511 6627512
7223259 8352702
3764596 3473566
951216 7876654
5936509 8398943
1866642 8891121
5305188 2414136
2087377 214449
1807249 9399960
7641613 5595764
5027441 1478203
2118682 2341561
1725020 7948514
9967774 8021512
4329094 4334052
60543 8999427
5497702 714768
9551032 1795690
5362645 1029670
6467347 9795556
2824323 3607292
6343233 2735177
445988 7171318
3872477 1730104
7579707 3100937
8227301 9036397
6888094 7581473
3336630 3586227
2342989 1252473
7232770 6430989
4069240 3189367
5781368 4223764
262076 848203
5145634 3717000
1266474 4219082
6814744 8556867
5949006 4355499
5259978 5026571
2415499 1551808
5870185 3711025
5298047 303741
4231166 4806083
271796 4897617
9028909 2483078
3789177 1456670
4964337 4007551
2586720 5684583
9466140 3374636
1959056 3407824
6715394 2880990
6053251 6244745
1556469 899928
5796863 6552085
6960036 5609715
8129405 6930977
8484688 7988038
2497754 3496226
6135778 9011598
3423796 5050081
5609478 2308959
1211711 2044845
5023311 8064804
4001470 5426459
2892050 3206779
7647462 5437098
1267654 1521098
8413721 2752800
2909012 1108825
3607462 6432027
6698861 4551414
8530449 8872884
4729610 4218096
2515201 6255243
7106496 9594263
3351117 5329592
844970 8023324
9185448 5761496
6633964 9431548
8191928 2125203
3392860 1420370
7664903 7071902
4753768 182666
8254473 7535631
658974 1007335
8159357 6674291
9854349 6993441
3244411 4600328
3126894 3800584
3140557 5105847
9869013 6379078
5558357 2472233
1036783 230180
8912897 7254372
9038146 7690441
9912882 1588730
1057611 1051262
7800940 5915589
7238918 1943716
3540891 1535452
5661813 8932792
1519684 8291661
9347808 8582202
9267766 3223344
6826391 9002041
580785 8679460
5210474 3743919
2393066 6476855
8046534 8022207
9689500 1490049
4151856 2690180
7300807 6919575
9117829 4963318
8922112 1872458
2774272 1240065
4974024 6728960
1201147 8335978
147003 5461813
6774002 4605949
5684080 2644137
808741 2238084
7091139 6123454
4785909 9928247
6319631 7830720
1275699 1130912
5433793 9699434
8152777 7721193
2346054 8782495
2316836 1007865
5706238 8305929
2339341 1057621
2793384 9740876
6651824 1007203
3015187 5752823
9151983 9369767
4929379 2260547
4027299 4620649
8848149 1748233
1854336 3738481
4380385 5434465
2484792 4707387
4883052 9806381
7060121 8185160
827027 2081117
8492511 1776732
9492232 9922987
4706308 2178426
3758491 5161504
1129185 3984474
9121914 2963352
8687775 1180249
8685788 1188237
4194219 7119565
5263752 4281355
1760405 2174676
3453609 5252054
1907952 9378481
40770 8281788
3972918 1403529
2545489 9218875
746185 9712047
1622957 1292202
4001002 2114193
2797543 8473621
7126931 5844467
1292587 1494900
625712 6293351
8018503 5777591
659258 1746364
8929201 4115547
596206 2218034
3470715 2461363
6009564 3814269
1825410 7821848
5885548 933327
418379 8944832
7514975 6298425
1335681 5523485
8424063 62443
3117408 5269338
2903690 765538
1039018 5696029
7070903 8459227
8863405 9174695
127252 6833948
2622212 5863767
3441897 3325331
9886897 5739241
3833730 3002525
2696838 4799305
7715038 8308840
6422131 4023690
3281752 3186492
8418411 6934517
4311772 9215198
4824856 659709
5329921 9940549
6316389 2964868
6763110 2071226
6768299 7609236
6431514 4364837
3931345 9351916
2547373 309877
876786 3390067
3732168 370442
912147 3549729
4831200 2311367
5937363 2631076
4955942 934307
8454665 1681479
7998316 4483981
9874877 3610475
678024 6854048
7162227 1479243
709514 618802
8520734 2672393
1464902 8894811
4257470 1751223
6434448 8289696
9877400 2580150
3903991 3246249
3841094 1580779
8990393 991601
4337256 8367223
1369966 554125
6042551 1403460
2053230 4247328
4390071 8649845
1995013 8549741
2943005 9544160
8862271 8865661
9758246 3766980
8619110 3735695
670538 3500242
7308686 8568488
8050267 7864453
3049589 1737625
8381535 9343907
200780 3466148
7371484 4989224
795333 583701
7495727 706790
9577419 8052940
5407137 6450918
1808544 1550258
3538635 6201163
3185281 1153672
4078812 9812483
8461535 3479495
872040 2593135
8189832 9705851
6711683 6380631
4924541 9994426
2417696 8782473
1939809 1335291
8871763 314035
5808896 7392462
4107768 8364445
8532044 8003691
1251522 7740993
5825883 2786984
5331254 9049489
2023930 7176631
4820535 2884169
8140399 7659003
9604822 9063626
4467027 3427988
7653173 8874905
8666278 6100390
5014897 8949767
6236783 7790295
7718715 2433651
5341775 8295074
6770711 7283222
8938309 944337
9386255 5835245
5465573 6824525
7568671 6617599
6656649 4478757
2203259 9351832
9919962 7851898
3019314 5650030
8172835 5995415
9204243 9261547
5922978 4383370
5623606 3078140
7019225 71935
760889 910026
2342033 8991348
4436535 3730700
4284055 9297995
9559336 1372792
1831222 7275134
8023144 5433983
9497681 8473785
2634210 2693161
9230142 7202247
7929286 7973971
1335909 2943398
6199398 2120364
6926752 4937381
4504903 888293
990670 5338317
7384456 6468453
4651824 3580817
9199104 8517410
690876 9838807
1666875 1952876
7495718 6998436
8421640 2896154
4650945 513195
4940356 9421795
82361 3738314
912619 3672242
2601301 2942653
3107880 3513630
865232 5870629
8177426 7710709
4837863 9465257
7669100 9691705
3112671 309464
2746123 9361888
6644934 7486692
9880674 8978725
4189315 4780443
3805673 950706
8937552 6950411
1119906 6696452
211180 2172178
2393382 4746705
4099478 7181465
5314468 7318978
6622505 641863
3947678 8037241
8516939 9279435
3654803 3719289
7827718 3169453
869166 7894429
6629786 2603580
2775194 3745507
5097525 4366625
8075428 8313552
3771859 4116738
113994 8352837
8348507 4289923
9816752 4486187
8241023 8580651
7703437 3814542
8879404 686492
5594124 1913379
6663458 5750185
3235953 6112924
3620279 4364334
8123108 9892877
9615865 7545389
7987755 996230
2826268 3682957
5108799 5384469
4367310 8879019
3661402 9296438
9913665 9076693
4906202 4210696
2083612 4583874
2632402 7764746
748970 2314502
4412755 1534566
5274940 6102266
3931752 1706012
2206514 5505197
7933439 8137220
4425506 6890441
6136847 9496048
6763916 3632247
4774424 8104597
4127208 7353904
3734713 686430
4593624 216577
2940667 7332519
792321 9448540
7291592 7662018
2586033 293487
8298351 7805415
4074967 2695525
165694 752350
598360 3813581
1516033 6094721
4694187 9976391
5290270 7655631
9341680 207102
5622742 3691100
5829318 6381172
1730111 4051783
985757 7916308
5189597 4217371
1907421 9336344
4788467 2232169
4663267 3888100
2851525 5840392
4655642 4184660
7424899 2199512
8978100 7916377
1609821 1941857
1267805 3602702
3178264 8685200
7375693 580484
5641546 6837563
5060973 4238174
4197560 50900
5022533 4569295
4001180 5495261
1319602 3922784
2119296 9828707
4383980 6001240
3953123 1699915
6027103 5096702
487637 709946
5156339 9748779
1242417 6216480
6014391 6801074
8905256 4086009
3962313 3652412
9550121 7488799
6424808 4843
8261780 9686522
8802056 9996979
8710094 6985778
9789931 5201207
531275 2446042
7644839 8423195
3888537 9221230
3347072 8447193
397909 1258270
9031123 9722844
3358528 5812918
4100067 1899406
4870369 278453
6136782 5543250
2057755 859315
1824553 4868165
3516610 769594
1571494 8200267
1191190 8760712
5213701 8491271
3560716 3202561
8435594 2170723
506993 4427898
4403032 8673689
8763006 3212239
1154029 3806124
9789301 6698891
2135134 5026651
3470802 8536172
479447 9992355
9975641 2575431
8346375 8259254
686339 7608061
8477011 8789816
9492597 3589338
2580541 4318635
1823084 5488494
713252 7164850
1251405 8820009
9434534 8058002
6277588 7961629
876691 6461651
5053347 9374233
8128973 1926780
1144596 8614
2611168 2687971
133408 803464
5014005 9686154
8016673 3341030
1850874 9339805
4785463 8838551
9734613 846276
8300011 3742199
9544792 8102147
2595139 6167076
337006 2338660
6079716 6197485
5403862 8069234
2112493 2943004
2360270 2358030
1580000 9029974
2729086 8638262
5205212 3880341
3441277 4454556
3966810 6563104
4641707 9733780
2702502 9067110
14931 6464435
7526111 6302633
4038067 5413687
3086474 6180212
2668964 8819362
2500621 1915212
3988660 9156875
217768 3311053
9431588 7342176
4035986 6890209
2316084 5559733
7244394 6381274
5674297 4324684
8676299 4997321
8123918 9809260
9743381 8335455
8740133 1001076
5333016 5055164
8049599 1368762
2240455 1977748
3292999 6031691
2247179 4601966
7750984 6873095
8291440 7941085
4566901 81558
1923778 1832402
3074407 4900179
9264474 3106246
3807040 9292296
700505 1334626
84798 754491
6813135 9552920
2900055 9091415
205288 9647617
2449892 6765805
424441 6737474
5815067 9185863
7831439 2929889
4763759 3682557
3573894 2001348
8750670 9478495
9204334 3867172
8868547 7864619
9519209 7446788
4383293 398106
7879623 6679443
5795339 4411899
141984 7499574
2575153 2439009
8344868 9301271
5503117 743955
3736015 9343372
5783154 6103620
5383761 9549875
9574685 3298525
4669080 8016791
4099984 763065
6403541 8672902
3230196 4198748
8861912 6481519
6514569 3570463
7415809 9370851
4659298 8134894
5734696 5587522
6059690 57618
3261508 6128218
8101114 7327176
9220611 6925773
689972 2698560
8882162 6443693
8183531 3310804
169864 9487127
5293340 8228787
8349174 4572391
7150244 7048474
5779161 2679193
4999961 6730834
9140634 6392673
8494040 7223263
8772616 475595
5128952 4015468
3034153 7706412
8916275 344385
2933113 65192
2370027 1519559
7953395 946019
445159 2769512
5628409 8738267
9395606 3026979
944928 2879811
2627463 1468451
5764364 5137949
2649581 7463979
7564781 3095484
1380271 936560
4499341 9760908
6411448 1626362
1476311 2089238
7941442 4732667
9819102 6133102
6400927 7670841
5530568 7735361
1552613 2499167
4467217 3555149
5626685 3631220
5669643 7689242
831343 8955532
8534979 7342397
8029776 2661652
1232882 7529989
8179699 1824097
7444488 7911666
9689813 8925533
7473217 8148456
4821662 7079239
9271541 2150770
2205150 9563768
7174852 1205574
8013377 4756390
1569408 5671208
6043333 605405
4228025 4223800
3826893 5886037
9568317 2432287
1051891 4317974
8421817 2075380
320411 7076085
8133453 4856590
4522901 5696357
1790838 9183519
5071537 5472205
8620360 1214547
8786652 1632391
8344581 7827398
133199 5223146
7743416 1139260
8151105 1746832
6743325 9509226
8798894 1899154
9964129 2454184
8807101 2187455
6711033 4255054
6288854 306666
8865460 2650846
7762899 4394989
2360620 7834633
4999138 3764997
8017424 3139035
67317 4932476
528264 4684749
1218279 927089
8493901 6608860
1231542 3477022
3566571 8060868
4934446 3730622
8812581 6482327
9575484 2722863
3044331 4213243
6448683 3780318
7503492 8884213
9285214 3639267
5108718 7938931
824513 4729596
1517659 8816566
4134408 7442832
7692768 4395493
8541143 7815093
9133486 4426934
3211355 4873582
7037652 5459207
5298963 6807134
9742975 7401190
8646418 7005604
7291496 1737734
2928036 5088705
5404165 6929366
9501057 7610527
776818 9683981
769085 7488882
4657663 3740108
1219313 2026339
6746924 3038490
7618287 4706207
8425936 2475994
8364704 6324821
8960980 4477107
3095854 2883193
5639118 8203609
7145662 850377
1043769 8847823
5796793 8943301
988344 881438
5710755 2848236
2539104 4879861
3380063 704922
4039680 6986147
3842702 7207174
4495857 9492212
7091229 7125603
8048076 3803033
7488902 3033070
222099 2993600
895168 2578453
7345730 8963257
596024 3066756
7439983 8322792
7853347 2891869
67662 302730
442934 8612703
7319008 9738915
7149493 2344730
5711910 5937570
2121375 1632318
9524851 3368118
9761795 5671463
5710429 6628912
5934986 1042242
8907434 3365396
3593463 6331565
3126545 6928808
2892420 9907134
5118306 8339180
3630796 95192
8232623 4505625
9452797 1672106
4181046 5799765
1616453 1067144
8790351 9892179
9388204 7780768
1023811 3542236
6585148 534068
771000 6544476
3224414 1974777
8991967 223314
9631202 1400664
9942905 7526202
5060862 423759
868053 5735375
2082972 4988174
9579969 3030839
711406 4466994
962993 5814580
9369895 4737347
5388145 2750260
4959784 2229824
1922072 747958
4964474 6773844
2351637 696023
151718 9776327
7368441 4126975
6855442 7732338
848128 365088
6958510 6848087
2461047 5768134
9820675 2649171
2508705 5468162
3154055 9406686
8019900 2158708
1093380 1370228
57941 5080358
5493599 1472932
652233 510035
2201678 4699012
8578212 6344707
1163681 1474889
5927931 4607791
9993661 4928643
2671958 404985
5225079 5664251
3346199 1756939
9589580 8003481
7750106 1285704
3495318 8927850
6357643 7222394
3507892 1969975
4269789 324357
863285 8505596
8202135 7316502
7165242 7757978
6005141 2697621
9674672 9231628
5529331 8202923
9005494 4407533
3621864 1554098
7575712 2549012
6656772 1956426
501777 8337087
8145459 1712177
2573635 2231386
6529116 9227288
4956630 9669355
6377258 9191889
6212868 7520694
7671839 9366467
3456108 2932660
3915628 179630
1644286 9266200
7258878 5864629
9410604 6414092
5494451 2273252
1530130 4870675
498726 6825993
6120001 4786328
4440778 4349300
511312 4680730
1031434 7718422
1972304 4016533
3140900 4952640
7391252 2696677
6951017 454837
9519838 2744875
6082496 4085641
6559764 8739389
4166794 4086592
756753 1972723
255089 3823766
2590271 5351586
2233895 8328285
2539343 1461829
1401239 4200991
29508 9167129
3277303 8205778
2102395 5046953
9579811 8977672
8593460 6930376
8747093 5948640
1875447 8823388
4257661 9286972
7707996 9642778
3518334 8090186
5807708 2852604
6315165 4591458
9806051 8390304
2692600 6946399
4894272 2851674
7029201 4789786
6198995 2635521
1465392 1103592
197248 2442841
9201057 2934330
40583 9961568
2738619 3142239
2068815 2976047
9042401 6511192
4467083 3902224
8078825 4041889
7668851 3059017
7303273 4942573
4504867 1808589
6765523 2510201
9723974 4700776
9491764 3082720
562012 8998853
5435230 7766713
3246364 5867487
6930806 4999722
2145229 6568073
7582727 1977188
7518199 4466486
3678664 6154550
9532589 8874933
2911965 2754819
4997404 7306550
7988981 8324652
1335765 2325790
2604378 7253680
7700535 9892357
8060255 1918800
6143124 4019688
7053854 4554115
9818826 483246
8185262 5156353
7689188 7615683
9911658 463369
5145720 1281596
4267521 4554476
7673965 931910
6173238 2472602
6639993 1510263
840475 5642368
4596620 9628182
6766474 6491186
9392646 6771871
7559956 1978661
2261239 9466626
9287704 5311459
7092431 6063169
3513940 3460787
1772346 8553266
9479605 9736299
9193573 4653171
9818359 8505771
8489893 9341316
580567 9884136
9606970 1559169
1115897 7812824
9193403 4390381
8694997 1482161
9345201 1816726
3292822 4678513
9149646 5309428
8494265 2508844
2829969 8518357
9188564 5024222
2918461 3767524
7045778 2328174
4819562 8994922
6315175 6163346
6441193 4952686
8956783 7683136
7068227 888325
9944240 8648558
8650726 9630174
6450812 8069188
8707697 6936812
9123620 6287616
465985 1030579
5838394 3418535
4385553 2845988
4945913 3889939
1626166 3425271
119539 5279862
7129182 4230101
3361231 4113144
3868994 3184960
745218 5973848
5229953 3247012
3381230 9608788
7546176 9250467
1318439 5535666
2088240 974361
936788 6953259
3656385 2769457
8730733 6713454
4012951 5985336
8797796 6715210
9994268 7393183
4760943 7406641
6755333 2987606
8735061 7939380
8478907 1031702
664226 6084545
475223 3519489
6504975 5404073
1888178 778894
4716726 4326772
4244238 3095880
9327938 8205141
4875336 4848587
7976752 620259
4593416 8384786
9146065 6536995
4821327 6515710
5461337 8199765
5156900 8677270
2275160 3454370
5752638 3013196
8118293 3485088
273957 7868415
519161 2730382
8327944 9127604
1521499 3931174
7107713 6429981
4119255 8237554
243900 1918059
7379922 117643
6202268 2470802
5490458 897488
9219986 7509436
3231624 2957426
6845518 2915364
9477418 8597876
6548047 1837272
1184283 1590560
3952396 8231231
1893012 6269169
597806 4083995
3697908 4121145
8613320 7253846
2345375 7791033
5364472 3629041
5831852 4139660
2586747 3070366
2208114 130054
8942373 3513882
2201665 5066187
7290936 7184405
7926001 6396145
9170071 9043099
9129413 2024745
6283785 2236053
7907221 6189336
6422810 9771325
4945158 9978455
409013 3265943
1374872 2215562
9657299 8016931
897706 5889659
7390451 5157552
2452265 2330811
3722634 1556269
5343398 5992013
1668187 2519867
9047471 185221
9199916 8023499
4858498 3216504
8536743 3041486
5705574 2524400
37830 8645390
9539848 4087367
1187484 4185653
7710662 5326125
4875640 5462408
9989509 7411035
9355812 3834900
8028743 2262768
8567566 42401
259935 4813727
9932206 9383077
5514306 333627
5773598 7424053
8299452 6359570
9885734 6510287
2905952 6119793
4222690 4492849
3820132 2954664
4901040 3997995
9357494 7735413
5776038 4523587
906926 8683607
9397390 9625282
8614632 8642847
4810184 6467127
3222395 937956
6906746 3588319
3494914 1930881
3241819 2148456
8185235 6533606
629316 166652
7328040 384308
5530465 7531467
4896171 5459424
7353382 8682469
5894889 164163
3721359 4330468
3815381 8501555
883999 7580349
9349134 7069284
5585722 5757926
8499799 5718521
8621226 931609
8946237 6545553
5944481 5592848
1339585 487490
1692876 2571215
4600660 7044756
9035354 9408271
5541226 7213324
8173634 1214147
6750877 8547501
4065354 3784729
68483 4327438
260182 8927204
8074657 2645349
2374628 6266376
6909215 1736779
5781797 2026639
6178376 3643300
2754496 367195
9682443 7429881
2356372 1320699
9774470 2348361
9582299 4670071
2594037 1209243
7443958 2612300
9394863 8056267
9501299 1970589
3636021 1258610
1281672 1409857
2572722 4109831
9514727 3178303
5096103 8988898
1648668 9349399
6727754 725596
4588462 8998779
4371232 754044
7644828 7528510
4648564 7798828
6871785 1868148
2373701 5541739
1017415 4831038
8839525 3407367
3917498 2773888
5809023 5585192
2198855 9005539
1560024 9310947
8852253 5531484
8985968 8777942
658792 3435145
7283137 5936641
1713722 4328874
7017636 7922956
7918603 9101702
4742766 2280698
7655858 6713189
4454405 233310
8752291 9347615
1875283 6722524
9345461 4172306
6450831 9499233
1949103 464974
3564912 4547607
8339941 3263688
9111998 6791160
6434039 5945222
456266 5904382
9688738 365677
2818623 9430572
8328323 3294344
581477 3153969
1624090 4380603
2386569 9839110
9832664 593618
4794190 8377555
8570261 2125903
4776101 3924187
5995517 5127959
8400031 2767512
1206440 2092251
9510054 7539834
7654043 9088004
28066 3470681
8191138 1757474
9223242 5095459
9576133 8493864
3481194 7098787
4431984 6202312
4538922 8652303
726272 4710865
9651120 8886535
4572073 139715
6928652 5196394
6160834 150614
499754 137271
6436350 3628748
3246376 2348781
8387056 3599093
9479480 7045952
6936564 4511736
6437715 2734778
3086256 28526
8579728 167003
6861996 6859744
3699903 8263358
7634486 6501758
4320350 3568767
925965 1366297
9970873 5907631
952162 9348629
7648354 4280384
5970786 879423
4684179 789743
2630677 5312947
803889 2029152
7923906 9121139
5832209 1344229
4155048 1094875
3883588 994706
8230920 9274752
29581 2007924
8050060 4213972
5938041 9368028
6251339 5555113
9114845 1198294
3847007 2192258
9852694 8585217
6654860 2589044
93019 8366790
6060937 8442378
1841876 6153899
5467679 1817464
6407395 1375925
1526797 1268138
8334799 3703392
9446528 7472610
9116234 543603
5365428 2162157
3469557 4533797
4253278 318564
8930554 508601
4548552 2382406
730130 896246
2553895 2435291
6336288 3621509
4452535 3220669
7659640 5693972
9188973 677734
7026518 6290203
4535680 8741635
6614260 4391535
5380895 9668703
5558498 9805710
5910388 6294164
7665174 6877148
2241022 1802870
8996526 6049894
7778312 4597930
7504040 7396154
8086956 8353412
3611032 5717493
7323549 1094963
6201642 4407061
3459442 3788089
6319406 9572535
5005265 6282678
636341 6835075
2785982 7366476
4151847 9614162
9362661 5031996
2366115 3379260
4553069 586400
3888188 2082906
9600411 9038641
4915629 5140913
4190121 4354844
6551694 2582482
7123898 3666667
2424671 4874839
1336301 4970825
4724346 8570477
1118656 3271305
6248359 8463920
50763 6110896
643383 6623553
4205311 7192989
9661834 3271319
1029278 3686633
6616045 3391737
7844059 1362359
8380439 2093437
8992873 7979591
67077 8701014
2729389 6692583
4587417 1514670
9028363 3282064
5584800 6621520
8107326 3406107
9935834 5892684
3424291 9713055
4808902 3941705
5701558 9221453
4041985 226420
6140336 1354704
2579688 2333867
5894365 7850766
7879789 4875872
4342630 9690583
4240856 8793110
3661333 4770194
8134339 8221142
5847698 5839473
2982670 6679041
3935913 3906662
1754631 2152176
5542300 9461749
298257 95832
8504787 5702324
4677023 6480373
700646 4313842
5427598 422665
3271444 6752962
3416428 6391831
6064926 8446801
6333847 9973836
3238862 2136334
896099 2095578
8379106 3723268
7531739 177713
1607302 9486849
5168040 6835151
7985991 2083029
3569319 9612849
8913914 2642567
8549702 3885654
7270271 2123021
2262416 3764778
3131503 9720598
5382260 5294911
8543389 2786511
3706213 776299
6120616 8306980
8173321 3418581
5316886 8406210
8169772 9527364
9091901 1684034
1024837 1979974
2949982 6175822
1326633 8704311
4456265 422935
3014085 9786370
8292110 3757726
5974171 6812527
5016452 3678400
3118097 4693592
4730217 1359127
5188001 1543659
4087383 6926160
3444162 3199815
7294880 1745802
7984262 3506914
2671448 1765010
901029 9574377
6945304 7965678
8988635 8527106
6312224 883275
9674844 125563
9330814 3197710
9633083 9334123
46117 3906265
1760231 980641
399139 8897858
3069157 7226052
3884340 7841491
5292610 9444907
7486004 5622737
180418 6696438
1834312 694975
2560502 5334257
5864408 1925470
4754280 8608894
8181018 695128
7953115 6776858
1606007 1927964
6954228 9954391
2166136 5820791
7206217 7265172
6536777 5324656
2214603 6790413
8522064 5325978
5059834 1894357
3540007 1805531
6582872 2873081
6967426 1137340
5249417 2980510
6453419 372222
8984156 9414641
1935526 243416
3817087 1464652
3406327 305898
9636189 4262611
9200353 972738
799235 3885612
6005522 5493283
9226668 7839151
5288127 9535090
8229666 4081620
1383973 2275552
6345388 908237
7367821 3073098
6780355 543995
1874313 9715876
1682695 3438726
7704461 1588568
1701185 2462452
3810009 6232268
5331805 8212867
760451 1731223
1209509 5583527
6494058 668136
7697398 5876788
6942963 7044752
1023413 4688360
3938383 724446
120907 2342515
5490321 472988
1863586 8610975
1860194 856776
8865194 8432582
3653559 8911149
6752180 1182254
8932339 3061410
9838891 7843715
2016109 8596231
5973891 2661153
9710464 8927135
1514906 4793666
2214608 5620100
4759528 4286325
5289804 6628039
8084131 8933721
9860412 8277972
7303262 2260846
7686445 7431557
3550466 6859470
1189751 4813947
7229428 106867
6350095 4985660
7600711 4889138
5796726 3249598
8491055 9938711
8872781 7144382
7268296 5052081
3926144 9010785
1751680 2376090
3407611 7401248
2097852 9276232
1667112 8449812
9998943 1235696
9484200 2161641
1578430 9061200
6571181 7436100
2591850 8249892
7761656 2524743
3789633 2032200
6325193 6194273
3756200 3194591
4489392 6310947
3518383 8214862
5743707 6165001
1349245 5058441
9496362 3512447
7661785 5015821
5323174 2988724
1495382 6001880
7362178 4605127
8208113 4330978
8955633 6378375
2311839 1667496
7459066 6081510
5419981 7715273
8559368 2601022
5501005 8884618
2866633 5270330
5692872 4112128
658272 3765224
977588 6858591
194883 6225930
5283599 1220531
9727393 2845710
8177281 4580235
6979393 5733140
9656481 1698727
6247089 6057708
7901399 5364879
4270657 6737145
586176 339986
8436646 3226047
3008626 7789076
2470908 4658661
7118461 6441091
9562023 2096741
6490594 7335575
2682518 5433813
9908657 4770490
8161440 8217705
1511335 3961662
373618 2958157
9179652 747347
5694173 5497764
4888948 9635393
6929593 4799547
2054242 1943378
4166413 1031592
3763893 9998349
6429569 6675321
143885 5409481
4629754 1681301
7401212 1312411
5831701 6657755
9077013 4805648
9274835 2655151
2227310 9843403
4055077 5419911
9174988 1689647
6233819 5481746
8683610 2225541
6451728 7710488
9463826 1134749
3687466 9982987
1588027 4863213
9672037 8660011
5273870 2913684
3024671 6173361
8594318 9167013
6434088 5773093
6043093 7088578
9231279 1242012
405457 6393077
1329734 8695000
4950737 3275651
2728069 1911521
1664240 5516199
7902708 6511464
1574863 9747861
4169015 8987468
8966982 4586248
1064006 4310212
6014456 4335438
691445 6990384
6411842 2727167
2573723 3717703
3298563 3428695
2837415 5464296
3453414 3880002
974252 456163
982264 3984548
9591971 1182234
3285582 9485327
4582616 409475
8888089 7711432
8310864 7312870
3017838 3834810
5049133 2644729
2280486 2929408
2824318 6582351
3359140 7193252
3739631 6529968
1767954 656418
5866219 1110029
3486772 6489968
452208 300275
1932327 7375425
4593357 7950201
4671967 8947313
4866678 6017059
1692631 7377920
6244232 7529647
1088326 5738208
6099269 3741463
2681773 3613880
7408912 367716
8856460 1764902
4304911 6830037
2916285 5192775
6841010 5263789
1783251 1904146
1810285 6964683
7751136 864857
6378735 9481565
7765 2449231
1744077 5639904
5020966 2220857
9950141 7712200
2808134 7885173
7352514 2943631
7089382 9258842
8933245 7815291
8010738 5527155
8680049 5232174
4605043 3466410
1707319 2478480
8856092 1605421
4730753 2123753
4145375 9236334
6926714 715594
6350638 8160199
8744531 2841444
7808488 9739701
9618271 7122851
5843897 8453301
6879963 3155876
8756067 2841974
7520906 2847731
1799648 3391400
8470573 4037375
5293762 4574019
1354350 9164345
2309857 2986803
5012375 8403516
4475374 1067957
5125396 1121129
8474579 484381
8121725 750383
8165121 985072
5792795 1981353
4648668 922143
29352 3981421
9011599 351733
1098980 2489072
525682 1034698
7815884 9341089
1609665 180808
9766350 4024794
3228097 5082369
8275213 7070168
7955532 8927967
204996 5101388
8333111 7997709
7463275 4035653
9619212 3082085
9575719 5836613
128276 4592647
559465 646910
3194105 9430935
3504027 5956434
7527410 3159294
6608546 6393931
7728188 8189385
7674086 1278010
6571814 7613854
7803368 5500087
5630373 6406321
1237117 224412
5327201 4524294
9694041 5537739
9082458 571432
6933794 3888530
3348248 4085451
5966400 2396111
2904301 1125823
1417503 8006603
1464413 3900080
2292158 2152664
2921174 9602108
6651638 7310414
2589302 5661915
7635850 4744095
8757010 5486065
5982305 3009215
7182189 3861802
166797 4685720
5809922 326414
1352059 4126768
2453390 4001188
9146807 5860355
3958293 6162130
1769625 3107682
707933 5112605
3711002 6218986
1309831 6176454
3175186 740175
602245 8950662
7133273 7202342
1592948 2466742
356358 4006784
5835784 9052110
6530053 7096171
5018798 9570174
5141297 4043068
4230383 736616
1448762 6522745
2722925 5662679
1518578 7819566
6264031 302723
8284457 7539985
113561 7962242
6394442 4744231
9341408 1551755
2914393 4017494
9325501 3440593
1997598 708118
7252196 8035024
2557163 3531103
6316312 6441946
1605601 2005762
2496012 2593377
2707606 2729740
2237536 9360413
4958933 1056633
829152 2948501
6677250 1077008
2591869 619062
481041 8333913
9397875 6907440
2257772 3382483
9513275 9747367
5732658 4606736
6398559 9445043
7047357 3208021
2961398 9426290
7679803 901268
9395378 2486893
3369106 3090470
6536673 4310494
9489675 1461182
4837575 3784582
2513571 5195733
6371552 2161981
8021369 7736388
2674629 6926891
4893500 9716728
1897075 6516846
3587225 6388476
9728072 3724010
5189482 6314260
661544 3627825
6117393 9336767
1390031 9520611
7223226 8004625
3039945 5720120
900952 837326
3244851 4021647
3292675 337735
5818779 2448593
3650450 9809309
9736914 8315766
9817621 9721537
9865756 210426
9394998 5726919
2631819 1049760
2798055 2608536
1901845 9160363
5730040 6506694
8398906 2041840
3065768 2052622
9250616 5895834
7304096 2665942
583244 6658409
9922471 7134292
6466316 5023033
3607643 3072238
6809794 7141861
1461997 5139233
998058 2879323
7783177 8863
9536144 8425815
1711603 8974897
9221658 4315689
6847082 4247462
7927405 8468377
3000458 2029966
8771096 9202750
974278 37267
6469693 2763698
61170 5417145
4031806 9878641
4872896 6102006
8645560 6836933
631582 5937207
7777800 6107459
7377160 8209123
7112226 6696242
6705743 3837712
5402156 5410841
6273916 1957116
7680605 2672836
6666757 3355955
1333440 6711152
2214151 6438084
9443178 6598834
8349724 2472101
5377702 8111508
3297081 7953467
5729460 9661115
5983913 9204231
1675524 3683354
2817493 2376919
9987979 6309047
1420528 5620708
5663779 2710028
9350546 3371722
2786217 6557855
4964289 634234
546150 1126563
4331098 3853626
2923234 3314363
4647782 2462001
8769064 4493795
4824024 1007067
6494874 3855066
1572393 5537786
8930849 33139
9465169 9315983
4975812 8364556
3328923 8685575
2843692 3441114
3725907 8032925
2234283 6060946
9225007 8975526
9331516 3401879
9017968 108223
7631083 5937838
5365008 5692331
736247 2752505
9837394 2739809
9702418 3446804
1490152 9977537
4413906 9413856
8005033 3679950
2545446 4155181
2749704 7449180
6842063 6256655
3642411 8295373
8168677 1322046
228496 8492799
6781987 1574248
2984926 4826442
6106687 2953531
9414054 4641957
9738706 7596388
3871122 9004262
6683724 8028730
1380907 7622597
2087724 3378617
513381 7895059
4261561 9680038
3403199 8136621
4759717 7185548
8922828 6008647
9556145 4133654
9398641 3176780
7084873 1871379
6564734 8769202
5130952 5612966
8975284 7905681
9910672 8030394
6425005 7098952
3659400 6106954
9360018 1360589
2062347 5507025
1151011 63731
9308702 6896064
9282467 8163271
7444371 2542192
5674583 229005
1756821 6653585
6737885 9727903
3415308 8702447
9317752 3586908
6295802 3182077
5754149 8279546
772349 8709590
2586864 3569139
8493361 7178817
3118298 9096687
763924 8993302
2896792 2596486
1710557 3565288
3280315 7535612
1249623 5839124
2074236 2830136
6390198 3751736
6466135 7424858
328392 7273844
2907273 9970101
6203229 7000507
5886529 1725325
3761663 3986923
4026520 4315001
8796004 3172798
7164625 8475563
686223 30155
5939375 1758773
6332867 9876146
8260866 9167757
9961531 7203836
907128 5578890
2362945 2687893
3015794 5607928
1155358 5913915
6949701 5737014
571016 5923542
7756717 2389548
6509423 517498
1551081 7026045
8231433 1072556
6577459 7029300
5652383 8573323
4358132 5218505
4206247 4418009
8446666 4226794
8122907 3018763
1373377 7077700
4811372 9407897
1250661 1416995
5585193 1309775
7962326 978484
9623322 1928608
178535 6293512
1218998 9617735
6613324 1085661
4066461 6374522
7791395 814642
1145314 6422270
1376246 4631380
588596 1788178
2018372 7753742
2282477 8747751
9752493 2706337
4126762 9878595
706860 3462732
7759451 5435054
4670310 6718767
37848 960402
2352495 5733739
4450923 9641423
7229916 9175708
2502661 9564356
3908812 4722034
8733188 4127074
6841816 9096993
1545916 4922895
5082418 7535924
9075992 869442
7867222 7455334
2235195 3768321
6025934 7183619
9020254 3456377
9166980 1489164
6277912 8811573
73402 3158037
4841359 1806560
7790512 1879604
9490113 6085807
9311624 2479717
8145833 8706880
445169 9289117
2673249 3614781
2414141 4981587
4831158 1451785
2193515 5736675
344049 8602956
9000465 3450301
3256942 5391338
3522956 1575983
6800991 5057442
6823477 8983711
8190038 4114126
3035248 2751282
8608404 9028891
9326833 6807143
5095610 7107658
6760165 6181997
8743439 9696532
8312862 1186979
5047821 9693720
8273328 8532178
952537 4632269
3669348 9401377
899392 2084972
2294534 6200665
3468094 1787163
7915306 5231724
2006302 815744
6083903 733846
7552059 2829624
3712856 2932249
373777 1982643
515552 8722493
4301697 289694
9805385 5884245
7788113 3135131
9287140 4359935
7605721 6259916
2953353 4209781
4076545 7138972
5349004 6731342
3012779 6677838
8492253 7452691
762956 9714394
9512544 31621
9925885 5507814
3520908 3115895
7233731 5992076
568787 4393158
4394012 3207874
2235471 4997066
6471137 6636887
6333681 6764880
629012 8508977
1530557 6585089
7532355 9682085
9443176 5351707
9224267 5826169
1872756 3266359
8376481 1304802
9715694 5881332
8284070 3454844
6778168 2938902
7353803 5978422
2800218 186407
8396024 6215670
7257945 4516274
3924676 5987069
5004613 5738332
7626705 9734761
343206 2916470
898149 3062618
2816310 2693605
1579405 2804496
6764669 6306620
7473974 8251283
7165442 7203764
2956797 8346156
1658585 6738964
4053572 8052614
8256082 3533526
4304256 6016492
8419549 8195548
7140863 661284
2212600 2336666
157544 9571939
2413993 2248813
4516207 8561601
752480 8833661
3692358 6806601
4182110 3240928
9664424 5232
2639351 9056531
4495210 7649039
8249718 8272740
6303154 4843421
301273 686920
6297097 1277018
6765751 2283634
9056337 1932373
4583684 2205277
5190011 5205108
7767523 3976955
7888474 636470
283756 9833272
5923117 255127
9829538 652315
3815278 9996227
6366709 242436
7502578 4396482
7871564 3702750
7232796 550997
68138 3241059
8227614 4397351
5968980 104245
8929182 9406730
8574775 7568717
8982657 619789
8077247 7038826
6054290 9695285
6079722 5221333
1497029 8571727
6425525 2213958
3822179 4657917
1309247 1000393
7364920 6343644
141032 7421653
7382245 5143642
1017304 4853305
9283962 2658346
7914138 4951125
1523110 2284515
8762781 495441
9181165 5001782
781011 3891644
4765341 4976115
2852003 9977468
5105696 5857113
9331011 3926777
5139157 1188925
3494351 7115370
7864326 2812115
6967964 9093668
4032029 5931979
4795110 4090208
763879 4635646
3517032 1648524
451133 4733165
4832811 5709635
7668834 6986532
2679706 2947872
4168580 4483092
5105932 7204800
5636991 9365149
3034274 5546693
674907 14737
2553021 8017302
5787674 6649754
3262738 4534564
3454706 7006124
6505341 4642300
7965083 7918111
8506881 841707
4926578 3432664
5857568 4984692
9559947 1873774
2145154 8039031
6687141 3618223
6761122 2366751
3604390 1878586
9930548 6499741
8483078 6146152
5326471 3887739
2993394 4659214
1515298 6647260
2513806 9378532
7145055 412862
1188354 9019971
1948752 5326148
1792612 2097329
6527170 1108598
587525 562305
9276344 4212529
984460 9593362
6585240 6178083
6271297 8471277
4504980 3646067
5649779 3790769
9220225 5670760
6861075 7640486
4895000 9992098
7443270 5425022
9184958 3728604
6207520 2357023
1969386 7856853
5166464 8989419
5043012 2796302
4668686 6932550
6550372 5146348
6071639 5898798
9153406 3867565
4026254 9251598
204183 8008815
7362371 2269535
8437544 9598372
9854528 88236
2007526 7729237
7038256 8195569
8169486 799052
273940 5786230
7842603 9247211
7179629 5676506
783623 7489549
8210172 4586062
2740503 4129802
1986482 5337347
8743418 4618428
8656180 3468550
3648014 3663055
8746568 8554450
2707702 8360299
7207776 4927641
4683760 9890759
1753694 414135
4248907 9799830
783797 1610233
3899769 2575213
2091709 1071816
6155587 2724805
9712649 9272798
540320 3844497
6033681 2236942
1137427 2369173
7955196 1901090
7305101 6604282
1234472 8990570
5214143 6708003
6758359 4412634
700327 9345338
2482377 3329864
3799204 3893741
5640805 3666697
9672876 3914347
7342336 214256
7132807 1111279
774406 9821008
5001184 2504020
3382296 248270
9995544 5621950
923251 3150111
6195545 514086
282661 1631804
2583690 2879985
5346709 2992428
704768 4226573
7845603 5621653
3607027 2639695
6425928 7014312
6733249 4147246
6958276 8240564
8643378 891952
4050365 4852875
197439 9904841
9946493 4300780
9452819 6692448
4056771 9302611
2164301 5416256
9704521 7342527
1977030 1481557
3214851 4252063
60799 5881808
9005715 9126847
4992342 8658937
877447 1901545
2958118 3051615
9757685 1841277
1704839 5964278
8094313 196039
7016466 3093322
2094109 8947842
90122 6622343
4893974 6392490
8427102 1259692
4780971 6672125
531910 797550
8618829 3463657
4083467 421098
8246125 1486064
9540444 7239539
5190700 953016
8591917 9772373
295402 457905
8433102 4277031
3446605 3855124
9225140 6698304
370766 9576952
9277130 260766
3618933 5088210
9577558 1983798
1394618 4775906
827839 2424525
748272 7915429
5556185 2833105
8087000 8618708
6473605 725099
3558486 4794114
2527337 8273303
8738963 4175053
753661 1365369
853789 5695421
8661460 1188166
8004416 7448201
1861031 5354653
4943167 9789675
5071635 5957001
3650023 7751851
6961523 8105106
4639146 4987120
2003670 3582392
9060518 3761135
7077494 9521946
7417478 9077994
4596860 3445412
6324221 7820296
547473 427183
863382 3360863
6818688 210215
3224809 8929586
8843985 8555487
6302969 6693301
7828167 533875
7251102 4395886
3741413 474095
2537134 5805526
3060126 2411072
3078404 9909013
275630 7188387
7310833 3385493
8984529 2058657
1165346 4855584
7599242 8877526
466215 6147424
6517594 2684529
2646990 6728721
3839167 2137206
1053156 9603513
6509791 4298960
2116963 8140025
557132 8305029
2683912 2709606
9510010 6986030
931721 4788305
929183 6783735
3147084 6156886
1720271 3021398
2817087 501922
7889201 5746626
1406388 1582888
2343652 2205487
3769836 6190098
1191143 7085644
1671533 6207593
1465414 4550578
8642107 6564384
8127906 6661720
5541479 32969
3832546 6331372
2681066 9915679
3940343 3839037
3042766 5187198
6550621 2791533
2195008 2071222
505760 4333986
8288103 901990
869161 4633985
7997631 6760515
9525470 7408263
895674 2332746
9228572 2329445
8174517 444885
8256623 6885567
3089404 9609622
4842777 2069341
6099487 6535710
9923299 9940061
5217468 3224383
3981612 7326461
4302013 1294971
5040935 7617945
5779547 2461058
9353806 393217
9321156 3517934
7074929 7215552
5659649 2336148
9630227 1580653
4741338 8145089
4789246 5998239
5530534 7413342
8374504 1916879
1854140 9402825
9681852 4932220
4568850 2342594
1818438 3546341
7780371 5568337
1328234 2443188
4937435 3248691
7169472 7136069
8409703 9743689
7455976 7172885
654570 3420979
4374852 2230970
42257 7138644
1583647 1250795
658125 5477090
9625814 6733674
5655190 2451856
886853 8468796
4838010 8980362
5848849 7037298
8056252 7765190
4230388 9008593
565452 5409752
1054827 5433268
1257087 7630286
9970534 3454506
1222253 208353
3255514 2656339
1352937 1784658
1622271 2919122
5753129 993245
6818544 3777319
1279948 9725659
6524407 3900559
3539013 5284770
4168905 3724855
7254645 1891839
4494453 8355552
5031389 5083334
4357190 5114937
6523477 2073937
5771397 5322136
9389687 6399061
2063489 163606
7602576 5047887
5737701 6465298
2011424 9406952
9324171 3129308
9610355 6268776
3661240 3982254
9913198 9138701
3727960 3797941
8642817 8687540
3391868 2526338
1572437 983947
9105669 2973273
5910046 982386
8912703 3579789
7114574 149151
6118172 190892
8130341 9097800
3650297 3324503
8925423 9002222
3752724 9789336
8462936 9213729
4870273 6953580
141000 1545940
6852411 6999985
3898660 7575073
241297 9756044
5246993 9470626
6481030 7505832
7592164 5764404
215931 116445
5178495 3722185
1225304 421901
9843698 5291190
3668064 4743776
1344853 6470065
8326521 3041684
1828029 9903728
6294564 9696964
2539829 8765741
1217743 68912
3905087 9521186
3582482 9336625
88223 7279312
251079 700345
6996576 6057609
3334037 1621416
7642007 9075493
2797329 2138515
9996261 8820086
6308753 371209
901297 4315367
8181355 5000735
7972092 1969537
6357103 6349781
5415907 7901695
7053348 5179252
7382910 3519272
73449 9119444
2400692 7584819
2526067 8884274
1228545 8951792
6636516 2405684
4137785 959158
8854021 3429827
8933552 686499
9368470 1311303
1580099 1563409
5519367 1642932
8805012 8203353
1638298 8108752
2748711 7988094
6546765 5052578
9207213 4765802
1497751 4962433
6144157 2052240
2319135 7868065
5862027 1606394
3881512 2068731
8812602 6406384
1956651 2312446
3070079 123230
9297301 8758644
1859651 4260124
6330366 6375491
6759967 3550186
6447355 6270974
6029787 7252419
9380168 4222042
8106232 6038684
497141 9085568
5058953 9740426
393214 3312624
6762858 1033003
7750057 8380251
4192828 3845394
5278106 1151315
3811877 4915083
1122572 4230045
3338049 6826811
6019411 8600663
1989523 2924869
7780919 2197781
4692375 1457674
5612124 1494356
6902544 4532478
9644744 7887594
5231935 838518
736178 7180201
5590244 9421128
2292450 88232
3395812 9918724
1778873 2301484
6788880 5582249
2339959 7753421
1712499 2945541
2020313 6315716
3209105 6939395
8723021 8029207
8954754 7684879
4753294 4807760
5436745 5591812
8361964 7790450
6425987 640949
6363064 5004569
8329881 8883947
1754240 2147299
8935636 8930273
519958 7797727
6683471 8288148
9786844 7394730
3128510 4585657
1314871 9745011
7607369 4008843
9333343 9446237
295526 5222981
5626945 2858803
2358563 976993
2929014 2679906
722200 8111941
9673360 5916507
1124674 4110913
9585884 1392625
4613383 5625315
30195 2449511
8829977 7455414
3246546 5165053
4546682 6190073
7985272 7271200
6418622 1878335
5378701 3081565
9113106 2266553
3636041 2159167
7502556 6321366
9535604 1896128
715968 7624667
9293261 9669811
5283246 7129645
625207 2825176
4951263 9308936
6172963 9024552
8034092 4005735
1540067 5427266
1067343 1215082
5929606 9106702
2580749 2432110
6174288 1064429
7597852 8515421
2746668 4393816
1739633 2887378
287388 6182630
206458 8335528
8551458 9396248
4493152 4095810
9004955 1809303
4574253 6729122
9820603 9712338
5230401 6403107
9211692 5882891
7094551 2427843
9593375 4351284
2849009 5662753
1669168 9960341
1942191 8114422
4192372 6548601
9069333 3951303
1956416 990725
2604785 6704367
1319315 5144167
8707588 6261190
3753106 8647453
4859211 8306476
8209358 3641421
9262342 8656745
5324486 3354346
8826038 6630302
2202009 8560543
6703618 1551133
2876600 2719580
6537926 1880914
1044775 2760349
8425336 752776
8630405 6235245
2845132 9341135
2037231 8194413
6884499 3509266
6526833 2860960
1926611 4523462
5357245 9296629
2660924 3143259
18981 6405073
688584 1460439
6411556 9019373
8626069 5557811
5893583 4373436
3015679 2732517
3527478 4386541
6789303 107666
5797532 7227048
7704812 6259735
1968158 9560579
1098659 5389281
5361147 475199
2514632 4136915
458500 3152378
589378 145782
3401023 5042321
8222278 5532466
5811210 5348548
1913064 2057964
9998275 608300
9749118 2749654
1395955 946020
8692489 4198461
3171595 8872600
9435180 4301798
1211783 3107100
2930009 3058252
2163789 7952369
4429297 8576479
9337311 1486105
9289999 4299259
4909299 6534459
3398361 4875414
155560 445298
2051511 859511
5926856 902608
6875529 7544293
8102846 1517033
4976477 9433403
6810406 4953834
2523761 7303451
8647689 1148354
9612403 7741903
5096269 6284302
5994410 585561
7421222 3910315
1261041 7200915
2534575 902947
4642968 9883100
8218494 8323587
7545847 6184774
5132696 5789735
7328199 7490372
7402641 9296930
2928706 5830126
7687530 2459264
9973019 4536372
3994852 6794176
7915563 6501813
5521503 5806518
3576094 4279419
9789753 5180795
4065113 8907265
9439569 4263196
9499883 549949
2126402 1190966
4018048 9718670
4790541 7215144
7082859 5073731
6516054 4769887
4331212 9441030
6782607 7629696
5155826 2453019
7713884 7881668
1768285 1813764
9119077 2785309
1630576 8659007
6367077 5847970
6219411 3724332
9005671 5754337
6642466 1866704
9400990 303013
2276259 1076277
5133099 8648885
2374550 783399
5740028 4359843
1926183 1714094
5120659 4274118
8178451 2649146
2725437 9613812
6372202 94450
7429398 2045493
388358 6844100
8141787 5290713
8736070 7291162
4426129 5796871
755163 8078921
5299419 7459290
5876715 9420454
4628679 8631185
4922530 72738
7515234 1770599
6515173 5756994
3527623 8179148
4625490 4387134
3150989 3787226
9772959 551476
5161038 6349850
6725471 4479653
3859635 7016666
7363620 5248575
6776528 5784753
1809304 6693187
4079510 4960966
4799412 9547430
8810961 5506660
8027603 1930597
9909133 613855
6819484 1531914
9738059 4354186
2645299 4345534
9164703 6177384
8521974 9259173
3387972 2883039
5558313 2961678
1588500 9174185
1903957 9508472
7218489 1846619
4220091 2136240
900360 403405
4026123 4603458
5149395 9612489
579137 451326
238042 4423800
1053026 8048307
9816373 8434105
9832191 3873287
9634635 4785233
2936561 396836
7859511 6772521
9665341 8617457
2115706 1659697
6957822 819411
9227259 570061
726708 562405
7530480 76685
2533119 3159063
2622356 5669169
1433467 5598604
2399173 6179687
2278421 5309429
9059426 8199342
4140944 5797191
1664438 2146142
4081072 5608338
1186000 9007202
4106579 1007462
416945 2619910
3218233 8523692
2333534 3606136
1673814 3924556
5409177 2038136
1434792 2168777
3428504 5843996
5221852 6650886
87877 5888428
5406666 6995173
4968563 1646735
9614226 2820051
3464605 4171
759002 922306
6510112 5989964
9208763 3798952
155763 8597360
2325164 7041470
2684972 4271000
4943881 6160613
8694777 3944580
9453779 5202342
1050552 5353286
8918822 3206067
8746318 610639
4910714 9962139
8437366 5200726
9583256 5735951
5754440 4834502
7961481 9657070
6698465 2054772
3541044 5597267
9480789 5733126
3632144 6347573
2289248 5590233
4593619 8912891
915200 4724026
3519563 9698532
2768932 4032097
5948495 308961
3652365 3273706
293541 3303035
2782421 4583986
6711827 2715354
6379394 9402124
5871376 1572241
4896126 4100120
4983738 3693398
4016937 5516341
8643804 7325738
1908785 2626472
9784942 1990061
6982138 2214521
5846320 2719889
1819402 2132878
7364936 1783293
8382683 1712771
857685 5709179
3729030 3456612
6983440 2897688
280654 5044193
5188665 2778014
6179021 2015739
1820787 9128450
4522148 5898607
5233548 2874709
6684835 5639594
7077709 3992746
8431447 738541
9601504 6532227
6948299 5773659
9600094 1865623
3209460 5013657
6892135 4617048
9244867 9310915
9748941 7266240
1739327 7573232
8952607 2340660
594203 5736339
4215425 4372194
6789923 8490994
739345 6352351
5768164 322292
914389 5332688
6156712 6982187
3006686 1859357
1328409 8605743
3979006 6636458
3309779 8308424
9725475 1171436
5502197 8669137
6288345 2335119
9443404 2042555
8141001 3825812
3774029 6721361
6935099 761857
510451 3715211
8248258 2666859
5479960 8521652
8413496 7379558
6762486 8021697
6772427 9371137
5177589 55767
361304 5280218
676665 8266310
8553240 2757031
3320753 2916618
5095478 1466934
7644341 2382233
1136265 4053571
9961311 8727330
8921509 4037696
8763019 6238768
2616656 1290942
5923964 5440381
5858319 8491441
2493891 6863457
6067848 6682325
5700431 6746478
6261097 6103028
3369043 63520
6706629 6239410
7182508 6553129
3808259 682836
1259554 8227372
1780000 1870955
3336824 491580
9561556 4877309
4955922 6136214
632557 2804197
8543002 8223743
2710493 8799008
8782050 3055710
3149243 536478
2411419 4212344
5817741 2679348
8122820 5452370
7332307 2620715
6892133 3358882
1446199 4076241
9406894 3829452
5432031 4373733
9214116 6395067
5661090 56225
5955745 1996985
5595732 7140461
8004409 6794678
6771719 3378995
8725796 648366
2658931 9596902
1287232 6424471
239375 2506385
2814226 2834910
3568083 7841431
3372692 4611439
303248 2448115
4531529 2930499
2313074 5746322
886086 5783174
6872079 2155736
2812377 389402
1882 4600012
4382450 3198409
303263 9337897
3729007 269027
9992119 2749138
6210776 7663660
7885698 9230092
7734062 2322363
5166603 345913
4452323 9030876
86901 4214176
2765306 5909786
5701619 822116
6197502 9663145
2489948 3201987
1806839 5895430
5752755 6460836
7917984 5642781
1823407 4103137
324201 9535813
6061297 2141932
1338382 6851617
5076487 6276415
4208757 3030323
408079 4152109
2192214 3308328
3135906 1176671
7134795 355605
4208908 831539
2624471 7251926
3984337 1718199
4562719 5474222
2615977 609778
8736087 7856614
211615 6071094
8908757 9489917
3815239 5390276
1518519 7649765
6091930 6660692
5691024 6278474
6178799 1082903
8105337 3568373
9380214 5295893
6034139 6976198
4416000 5761348
485543 5881732
2686554 6007019
2207603 6214847
640209 7537455
7774448 6616649
1670942 3281482
7757067 1417402
5876006 2094593
9390306 3513696
3775569 6414851
7415450 9632209
152539 7152364
1381627 1433349
1180681 3918511
2592663 6472341
368978 3370840
9517626 3229762
1671878 6004454
372172 2928637
4536015 4693887
6265822 3854754
63228 6841551
1542195 1043827
5649609 7313212
7321151 6491820
6111686 3877290
2165249 4242478
9511836 9666285
1967556 6586385
531749 6194854
4673352 1666804
5260476 8935048
3048733 1586969
3224464 1908829
231749 482594
3128840 6122893
8182744 6810581
8128433 4105280
770961 8225075
4017933 7803532
7764255 4348103
1194486 2710295
1648041 1968152
2963768 8591183
5313095 6425937
5396861 5400115
6843603 4723992
9131179 6651883
2095295 1309081
2391378 7421677
5804125 5123900
8067556 6581425
1657995 7676310
3941113 2859853
4203326 9235758
5168996 9804080
7287330 8925557
4903814 5548155
4718294 5575465
7077535 380706
3275455 2386791
7970161 2226388
3539705 9863009
4003480 5425810
3211730 916700
5267839 3235923
2074948 9844591
4943763 3340605
8096263 6549936
4057735 8371693
1007103 7779251
5818743 6687275
2599182 6826659
9616242 6034130
3247608 6161219
2851165 9740453
8493948 4739749
6231967 2093730
4850061 6741629
6795533 1082036
9824508 1844230
7260730 2559872
6374397 1670283
9417759 5226548
9323024 1182049
5126815 9040256
7474300 881621
4106016 6851255
5674183 3230173
2945310 9409175
1307887 1733955
2565578 8076788
6028118 9964869
4186394 9377236
7885226 1223553
1820193 5062636
5385784 5469754
2823308 5203154
8512920 8713776
8917482 7767912
7147147 1908132
6344557 495979
4937101 7024503
6880619 4332934
1787552 9962910
5822871 4031335
6993705 5402885
5595687 2320743
6759030 137480
3121372 9660704
6404708 5194956
9991634 378628
8467100 8261985
5728937 3299798
4156546 5191354
1408968 150666
3983500 6902501
9763519 521955
4614899 9593037
1722572 5010627
2294547 5399390
2129014 765517
3109010 4616331
7024393 706877
8287313 4505095
927203 3212128
8928653 8051071
9927949 5202887
1136885 6332804
2666133 510807
4389460 91356
1456705 8757330
6317628 441429
5051472 278284
5372704 3738436
8632400 6861853
5792092 9381602
2694600 7337554
3023144 1973921
9617624 8709587
7917762 1274979
6482776 4550391
6761519 8426252
4628303 1881096
100469 3138840
2878458 2161897
552587 2786687
7929444 6541018
7959597 9301366
4496951 1412624
7292012 7213071
749765 8698769
8819820 657037
7730923 622089
6132574 9256224
1578161 4651173
2821749 3605434
5915108 8697178
876475 5537736
6878222 5563702
3084735 6513349
8959493 5118091
4564856 7599661
1624938 5483555
3903783 3558914
3501304 7245650
2779109 2935236
8943532 5020440
5962216 2941263
2025325 600369
9824989 1732113
211 5470927
3393871 6732113
1229078 1297938
8912567 1797356
6868773 3787563
4817883 6890580
2339755 4603721
8971993 4407814
339186 9337885
5794746 8217919
5407581 2573438
7637939 7330165
293736 8644159
315451 4421651
6388980 3830445
543844 6369588
987747 6345028
1677043 5954080
5291069 4294206
4513451 8110843
1713090 9653186
854432 5176934
1868641 94483
4889671 3064836
624302 8496358
815252 3356728
9866118 7350181
1000004 8530495
8106097 933180
3282508 2095919
2972840 9004451
4021307 2902830
7007890 4164652
4140401 7719962
8363450 2165938
2210075 1780741
1571529 4613353
1925486 641565
9438248 593829
7742913 4471411
2637295 1848335
5055179 4716351
1180848 450238
871137 6684989
5229675 521744
2110096 1263668
4679083 9204158
201341 5046729
3360164 3059423
8774703 843129
5690590 7740535
678276 1613562
677644 7189298
7113109 566372
4382737 2180859
3888908 1891180
2824321 6037561
6200771 2213462
5713615 2170263
324456 8766010
9847941 4577577
9661685 8796420
753974 6585428
3281286 4407294
8191060 4063735
7484266 3408700
6655064 7904553
2613928 3377254
6057441 326879
6297656 9485827
2010928 3449085
1473799 7111474
680724 7810638
911404 6095311
4598173 8681053
5330946 5918310
4692264 9057865
6871564 2034871
3550273 5420410
5560004 1314966
4965692 8214094
2451143 1023596
1080702 4104512
1651483 9299361
2409717 5054647
5207478 8993793
4299464 3949543
5657408 7908096
321056 9473223
1642034 9315282
2169763 2731673
7259937 5820656
3974139 2542491
9894533 5848630
7069084 7857937
4945955 8529596
3801969 6692976
8356821 1739619
7151665 2369939
6478913 7659637
6731442 9794767
1193087 5469636
3304957 7299785
5948033 1628330
7413909 9728308
6019666 8911916
51036 7496052
8140006 8274130
8678090 3186787
7090873 6629697
9345295 7014327
7697755 4700909
4873652 6971200
6378450 4007988
9095671 8408163
1729500 6969935
178927 6402307
2365929 2542589
6690470 6754036
1823676 7448272
1916765 9033877
4063321 4896361
7317695 5320222
4656360 8652663
4881612 7002211
4537388 1103883
5507295 497475
2622262 5768214
9474152 3522713
9763978 7557852
6783834 6422612
2278626 6639015
394753 5701774
3108753 2305967
3984596 9435303
271933 2228895
7008195 3028160
4383830 962487
9671429 9876761
6007201 6321766
8760254 326346
9149149 3669406
548815 9028130
147541 7606817
1830773 4378583
4169947 145403
3815377 4655820
3125277 2210102
6183717 9601420
1818126 1068256
4488626 2356239
1649058 6820257
1365564 1571740
1724964 5823562
6781417 8363179
1450122 228550
448374 5016429
8017838 4982878
6719481 3356520
7687482 7674682
6917486 9848973
7347021 5766532
2669880 3271317
830742 2140597
6885856 5083729
3227011 2792624
4104490 6120056
3269914 6525584
9822685 1746388
1599592 7544892
4628864 9264521
5680094 3468627
550412 7456596
8703504 9399766
3727187 2021098
6779199 9551618
1299435 7653381
9472178 8249442
2776879 2198036
668369 5112826
8843137 3643353
5968679 6961566
3954685 3636619
3393001 3331661
9274974 6621588
7198657 9678385
2368570 164546
8717872 4973548
5970665 248937
9862474 8418305
8961837 3099263
9891301 772601
4606687 8103335
3938450 6897368
4031412 5993303
1958881 7640497
2227475 2232963
9488047 6906435
9258850 1191787
2534685 7479333
8745715 9856233
5096425 9898878
9668279 8796315
378481 1645217
450090 2465895
8991525 6863066
3071278 1293705
2898551 4022665
279304 9807625
9647109 2168677
8221657 3304827
8752885 5385811
7886532 2151671
5669353 3223584
9304426 2282235
4323460 4138443
8877318 9423155
8034744 2260464
279077 7538498
1546801 6950333
3093965 1569163
6970149 3530425
7536279 1416850
12529 7679670
9107091 3470505
7868506 4784070
6286503 8292772
8727463 2839442
5139947 7332359
9439838 2960431
2729226 7070218
5381909 330048
2063585 4620280
4795808 6346791
4926882 7203626
7632422 4629327
7572594 9458389
2068848 6361046
9985529 5462440
2903551 7889727
9594375 6687627
8890293 3017524
1374108 931944
4413329 5514549
2458985 9351681
7334762 1490645
6646555 2219145
8958993 1758041
5571560 6007571
3183882 674330
8275463 181164
6799794 9483313
6921043 6656760
109443 4504442
1267882 1028255
4268743 2425043
1262921 1371417
7696577 3507768
3434570 6378797
4028628 8863510
4780796 6321613
2860375 6102712
3731241 7750700
9315565 9806498
1687680 350299
5647783 4996603
881997 9528776
428882 6933965
6347744 8267227
5322331 5427602
6470490 5271987
9614161 122788
6215449 3942085
3382244 8961284
2667835 6244290
3783750 5609196
3838717 4956978
6713517 245976
6501329 9268872
6764323 940747
992383 5794050
6228165 9030931
9170491 3348736
5240421 8453453
1494281 625915
3066635 8815511
3177421 811801
1239750 909893
4725301 5303722
1923321 3724863
5020049 4719005
740616 4884413
8368893 3850753
6499010 9739948
7626004 9185995
9928138 992783
6259861 8041523
1239829 6679486
3187415 747677
9478617 980574
3780996 1558421
8577080 1305473
70021 2328785
6951500 1976557
2533981 5508778
9940058 5330049
9005218 9595669
6067298 2805649
8923438 4079136
761982 5482714
3501496 2523144
353010 5742099
1837510 4303578
9027403 4958775
1937383 2035600
1164983 7862360
1007300 4034658
9734573 4224576
6181606 8548383
4953900 8419176
820477 444490
5653593 8695075
9631044 3859648
2346432 3992666
1213080 1488485
259495 2582997
7705084 9744314
1072452 1869450
212531 1820114
6554447 7793765
8283103 9149071
6897498 8076239
6330056 36563
9729352 2771065
5290147 5667075
4601074 9775509
4961577 6235822
2790591 2345464
7910295 1629846
5420374 545654
4260461 3362886
3803083 4800716
4423461 626814
2843426 1107832
5476580 5597802
5036926 4773020
3695032 5653770
8293616 7551883
2105532 5557604
3399920 4169355
5190869 6072438
5087550 2776472
6345891 8237340
2884994 2673613
1986964 7191309
3847354 6593287
3963564 4518378
3229137 8032289
4498602 5558212
2320862 4250735
1592813 8715726
2179356 7915851
7054281 726605
2051655 8155161
5126535 6428368
8392737 4919628
746100 2052536
4567891 61835
4300069 3565859
1932096 2178029
8191023 7059982
3684957 5020653
7505194 3014739
4721291 1069210
3757264 5886945
1556745 599568
1380354 7314034
448106 8899511
3613163 8241533
1952052 4871563
1892934 2055167
5439234 9657486
7082211 6307264
9069925 8460351
6398017 6664017
5278633 2121117
3642441 5032567
6360638 3028456
2991061 7618676
2452244 1208264
3646542 4455133
2813709 2824290
7198496 1519620
8999115 6879511
1364954 4278237
4640426 6327332
3373161 2836987
6385361 2241640
7900121 9851214
970285 3921804
3312108 6309028
8644147 6797822
1681195 3875907
7842348 4155000
9639398 6999397
7727370 3328534
1869963 1453487
350250 8574695
1327743 9824724
4616982 9481104
8523785 5983123
8088434 3891795
1217828 3480968
8614550 3809132
8399914 4138093
6431570 5576024
4359638 2895315
6291583 6439723
4763728 4761194
4747080 2254863
7272296 4072387
5574497 9571759
6681332 5500290
9322070 5332041
4710077 4545617
9996443 7640849
750454 245403
578227 9868817
9329465 1360326
1279434 5651091
9820137 2083118
1652165 6288536
4055621 1115580
176667 5660838
7376033 8288000
5362739 7736085
6871042 5499373
8115523 3239366
1087872 2081567
6009088 8111731
903367 4042518
6553883 8646863
8920866 811260
2470645 3432242
3636847 8125334
1194398 2884077
179604 2711641
9455618 1678216
2669242 9751073
1183703 7963693
7167998 1756616
1115643 2672538
8387387 9573518
6027075 8046845
1773645 4218882
7472689 1311936
4070871 3092601
3571092 9325799
2285946 4145991
2542923 2005938
3179211 6268839
9692135 3755048
414987 3102555
7390602 1752386
9463328 854048
8889894 518097
1226690 1141074
7133493 1055704
7251680 1692429
5081640 6721423
7978310 2078235
7066038 1534726
5450526 8835489
2683844 901004
2543457 8000260
8161632 4057767
114867 5012064
1047319 8871335
7085736 2809241
7100734 8853013
6838502 1095609
7639143 2692875
8759823 6945882
3687086 5287560
7149446 8451899
4973461 6842909
635138 4824685
9686742 1839578
9379580 5068829
45928 8752605
1417925 5386073
8180737 8581088
3129304 1227775
5979501 4809540
3956886 6218566
6303719 3653747
1688192 2154877
6756448 7016053
1895179 7578968
9403402 2174616
2724037 1508129
3209178 5834440
4529382 307246
9268574 5597916
4904570 257378
1162839 8708441
2690817 6222430
9473878 3482607
5971358 5905744
4978047 8648746
9155273 7698830
1838058 3954652
7527436 1681855
919279 8743807
3749696 2363565
3858374 3346823
1193617 7222462
889173 323105
604824 7887534
9359004 983919
8704628 7308761
5172012 4050376
8889054 9695317
8435277 1360733
7788025 7285595
9176734 5397270
5074174 4800525
7194337 9896585
5124159 8364777
1421620 8980076
4273318 4938335
1079197 5586668
5821562 6514210
4625736 4098276
3995142 114164
6358273 5796817
1052195 2632220
5912564 5579908
5154239 6360258
8886587 9099917
8433263 1485281
3678191 3710267
1317068 7313561
5394581 8480249
822772 5133517
5947448 4715057
5479618 2940102
9108393 922727
8131875 4183772
9394248 5291087
5149005 1658760
4022203 2118371
5248130 8293846
45267 1015265
4382757 6553433
5723834 6642763
5903232 7448819
4618983 4786085
342620 4655660
6641514 3224285
1931508 3506402
997483 4457616
4747505 4380699
2025851 1447818
8158738 4373848
4807015 3790061
5214412 8858384
5467794 3047605
5204167 775857
2343135 6246284
9840840 3519828
2264144 3096851
9784885 2082343
2085882 322901
289870 9931761
5351279 8652160
6047191 7169580
5304069 465340
4484443 4750999
3876107 4061370
3212957 2589658
6654394 4358855
8241235 2940657
4571553 5006066
7884135 9497188
5235979 1936998
1545135 1114303
1155404 9648907
75443 83603
2879517 5092811
5112323 2317832
8139975 131524
379446 6297868
981981 4739
1652082 9364368
4200099 1805210
792111 9795355
456318 8044642
7517175 6355447
2069237 4998840
7800838 7180652
2482730 1113883
6685327 6256113
31922 3561960
8232581 343652
9376990 8744574
8687443 5805835
9208142 401608
688369 2166672
6330049 6888892
6926246 7932394
9376463 1000152
1777752 1675838
7842008 5477601
8917011 316615
9994548 9530122
6062496 8380887
1297155 9293880
2866730 9220791
7277054 8651726
5108757 5650584
8153784 5702251
2099512 8509533
3038372 4523103
4927863 6810194
6693012 5779620
3041017 9301398
7446623 4680062
9934785 7526354
6830462 1955005
5380888 3781959
7131422 6652363
5348235 5938021
4777878 3231893
9737613 3036339
2382848 5988220
6379576 9670306
2996398 6675038
3654690 1106367
7041728 4267901
6355642 1810767
7963840 8144933
4378146 7630537
1216183 412460
1647534 5311401
2074763 4406583
191090 6407415
2831165 6624962
8128538 7186483
4024574 6638911
7161767 6622694
7179331 5719606
3195651 7105804
8687352 8664750
7467535 1980964
3750117 3384434
2882311 8677918
268124 5222118
2548034 3762436
7187616 7003225
2305899 7136015
3475344 8491989
7467628 5575655
8158679 5921532
146472 977927
