70
838 467 279 50 714 507 108 849 45 536 323 219 149 837 841 588 675 125 59 680 234 762 791 809 84 830 718 677 412 419 123 273 227 66 203 72 405 744 734 163 918 303 371 483 776 772 357 792 707 432 942 563 122 61 273 436 378 253 40 388 888 241 671 289 88 87 346 979 814 695 611 
547 112 513 886 945 997 356 627 614 228 238 445 256 583 634 947 434 716 74 594 132 83 465 342 947 992 63 359 66 316 490 598 674 860 708 499 969 974 353 614 422 387 338 422 442 818 129 126 116 411 597 713 160 485 870 50 754 671 58 302 404 937 291 460 496 557 957 246 699 527 557 
186 863 492 64 135 584 686 221 28 74 934 661 135 508 243 267 615 499 7 667 640 849 367 290 870 247 751 865 566 58 129 793 114 866 7 275 253 928 699 619 778 183 913 634 4 991 160 495 764 251 43 16 245 37 944 710 407 441 148 565 309 753 911 919 80 642 549 364 850 501 30 
65 409 598 131 415 871 208 693 428 131 361 974 762 392 384 670 809 555 874 609 723 729 272 663 822 669 682 896 253 407 111 501 325 858 757 528 436 695 534 959 968 254 461 157 96 767 90 198 870 704 625 153 534 485 883 825 422 375 758 979 397 810 345 599 205 969 377 199 657 838 131 
731 52 579 464 100 734 461 134 837 214 153 52 952 727 646 637 500 667 595 924 887 781 355 576 460 536 493 457 397 574 72 937 435 643 458 565 470 930 967 277 557 187 103 793 339 561 682 365 442 542 635 517 862 922 737 954 881 184 86 279 531 210 570 677 156 741 150 241 90 467 191 
62 979 171 665 772 798 826 475 679 65 58 706 152 308 869 67 413 313 44 309 402 164 122 915 852 634 374 817 247 936 657 440 810 384 576 854 190 973 843 309 974 435 260 925 726 778 202 851 666 862 43 633 672 19 396 98 747 266 600 531 622 147 346 429 629 707 845 594 530 663 466 
874 424 279 222 317 420 989 29 13 210 295 139 433 212 970 651 510 429 106 513 269 686 12 909 281 404 541 453 712 558 824 79 272 985 978 53 809 692 808 992 873 320 30 321 990 427 55 37 954 742 861 233 914 40 978 255 521 801 134 903 943 320 567 595 4 396 569 888 241 285 261 
268 165 54 143 611 492 5 460 234 638 317 898 914 255 565 651 822 85 269 389 733 927 143 159 463 980 175 746 898 353 221 530 556 24 251 368 61 34 912 533 455 175 562 239 742 987 425 789 580 313 39 868 511 213 636 25 660 519 621 858 285 793 804 953 96 993 532 94 753 614 400 
775 443 584 668 561 932 713 65 309 30 949 120 788 835 253 688 745 695 343 817 911 278 119 619 26 652 24 299 365 803 140 998 844 472 292 607 200 731 939 210 283 205 149 306 24 335 406 471 56 609 580 625 569 141 788 534 397 524 469 734 883 357 425 518 557 350 131 133 144 419 83 
868 940 667 469 169 102 672 938 438 850 972 766 688 149 168 172 695 873 540 93 802 6 589 187 52 883 412 338 778 41 305 462 327 666 514 875 65 210 540 24 322 178 888 844 433 626 684 541 531 420 61 63 248 747 710 52 975 950 528 560 859 194 729 304 156 1 370 739 129 190 662 
738 137 242 990 161 64 632 48 78 753 156 978 952 597 777 959 550 943 41 97 847 475 562 65 743 206 643 393 838 278 540 793 69 180 406 446 470 569 454 644 865 353 355 717 744 159 423 607 121 893 596 49 656 501 760 715 816 610 446 273 357 212 414 720 903 28 188 948 932 718 35 
895 899 601 451 229 824 23 666 955 108 43 210 846 851 598 62 116 472 780 419 227 883 410 624 261 43 540 261 728 116 61 975 249 77 55 31 2 985 58 147 338 760 890 637 484 703 206 393 731 560 412 729 9 416 133 636 263 187 856 456 542 991 928 531 189 202 546 839 51 427 915 
159 118 237 218 783 486 885 547 338 61 838 481 699 900 357 423 573 608 946 398 758 682 939 433 614 227 987 194 777 924 755 31 654 692 597 86 716 907 483 625 139 631 972 244 807 714 514 103 216 206 838 866 313 969 745 468 794 907 50 394 902 703 982 615 241 487 812 838 654 336 981 
225 691 4 532 239 688 796 103 778 999 1 284 246 417 757 599 709 296 806 913 826 426 996 527 666 182 962 758 99 975 890 279 910 549 768 994 286 134 24 745 835 17 965 611 801 527 928 101 613 998 530 8 451 718 946 212 958 398 605 214 773 214 220 673 30 920 548 742 486 92 802 
469 441 15 105 56 79 254 898 254 417 442 716 669 510 305 226 269 52 466 938 869 48 59 505 874 710 671 995 65 222 665 72 706 544 398 457 757 905 365 614 468 140 818 35 140 525 867 40 336 284 618 513 318 392 356 459 993 861 323 796 159 156 115 302 299 873 229 88 764 390 786 
554 561 581 977 185 568 301 245 124 454 775 744 912 59 553 108 324 553 176 54 667 124 232 856 493 493 940 223 97 30 923 596 726 754 322 426 899 11 922 431 743 74 429 388 751 499 563 472 875 476 123 697 354 969 677 462 179 940 38 753 614 412 176 32 671 678 726 326 941 427 755 
577 698 51 926 751 675 952 732 764 419 97 956 745 636 610 997 661 422 700 239 851 801 677 99 486 460 368 936 496 104 684 449 988 317 647 731 691 361 637 656 456 792 154 712 344 323 866 982 339 819 238 397 201 850 499 927 508 697 266 878 411 213 557 930 130 460 531 91 723 517 678 
207 173 364 790 205 297 256 464 701 536 495 424 151 145 985 455 177 803 515 218 258 203 126 726 411 620 520 776 30 17 883 108 540 699 32 559 31 62 308 38 505 451 107 537 915 681 463 30 641 233 579 479 563 657 729 775 383 235 420 865 357 398 230 862 94 974 229 417 569 754 381 
125 25 436 844 261 889 465 567 614 400 815 86 711 63 220 943 200 617 905 613 683 661 350 359 787 584 95 915 726 979 148 411 172 175 2 428 684 54 807 617 505 810 724 764 978 805 988 718 396 169 720 86 524 313 11 104 632 13 313 587 259 202 669 364 531 150 815 107 305 169 674 
960 905 514 290 872 756 624 720 36 669 373 924 355 88 464 177 329 54 658 36 267 189 957 402 237 460 424 698 665 25 776 689 978 926 430 999 200 922 132 827 908 232 845 918 469 479 47 299 930 615 83 828 510 99 751 89 58 123 756 629 417 153 201 132 83 582 761 494 70 762 720 
379 381 201 484 258 7 210 775 484 835 784 130 414 406 978 866 124 887 590 184 743 206 404 545 938 715 796 992 575 334 967 565 100 528 598 468 658 78 200 146 497 2 936 923 666 572 222 369 561 817 839 28 333 408 900 698 701 349 396 888 197 376 636 624 369 458 357 258 986 326 771 
434 758 418 355 869 621 158 629 106 111 968 752 887 844 932 169 325 667 491 116 494 470 112 272 633 227 307 311 595 269 923 657 698 343 106 226 654 468 843 409 704 137 495 120 645 881 217 143 874 741 676 598 137 664 988 786 113 365 245 203 502 688 574 992 778 984 118 643 246 552 842 
175 576 662 582 637 464 205 231 164 576 485 473 388 427 202 983 495 361 134 473 682 283 582 514 322 293 73 537 607 893 376 897 945 909 364 446 904 789 730 476 976 442 116 480 940 253 663 605 122 460 540 221 303 522 445 511 595 645 651 477 26 128 598 283 148 677 577 333 432 347 531 
985 734 263 505 327 615 786 786 893 795 273 245 753 528 87 927 861 166 17 422 84 709 761 34 805 613 633 292 522 633 144 834 322 996 613 185 676 677 479 464 422 51 443 568 364 722 125 836 396 797 372 743 535 379 885 652 802 581 311 155 323 828 468 27 581 727 848 338 220 298 66 
743 291 829 395 484 378 162 65 135 474 658 457 628 39 659 875 582 141 696 27 468 77 244 888 648 389 299 103 809 681 557 561 831 137 480 336 623 153 26 617 941 988 322 798 746 834 82 387 106 222 9 877 193 157 14 258 398 902 488 295 96 815 439 260 90 123 757 253 274 76 399 
773 534 361 770 703 426 193 83 356 664 975 976 740 942 964 177 706 128 811 479 122 351 410 834 741 36 946 819 914 379 566 276 805 342 548 389 261 649 415 9 2 853 863 463 276 990 936 679 648 849 336 862 65 388 282 540 863 342 836 235 871 539 74 553 268 955 34 972 342 54 835 
108 821 424 880 738 923 264 539 372 777 727 225 633 385 672 280 260 765 841 549 976 454 10 82 38 996 118 835 719 598 935 818 538 598 286 551 478 907 348 268 13 72 86 763 195 123 327 284 603 868 519 378 423 776 703 102 440 107 729 501 236 461 246 759 361 392 503 930 765 229 481 
652 267 785 403 763 357 103 133 206 87 876 518 142 359 730 189 678 377 996 847 111 534 147 593 86 547 547 297 605 87 672 562 253 705 458 313 571 333 930 525 988 131 771 139 196 977 992 690 388 372 345 685 273 32 650 241 256 969 686 44 695 339 804 143 659 803 910 608 63 745 990 
595 605 65 819 833 422 876 19 90 835 856 113 612 132 553 746 108 758 412 716 278 849 822 971 433 495 945 242 236 644 621 450 92 61 124 565 217 237 59 46 924 660 166 540 154 359 329 994 772 114 560 823 688 249 244 301 297 414 420 834 300 256 394 259 420 393 448 837 55 586 935 
94 387 530 542 152 991 160 996 734 467 875 10 475 123 605 717 704 259 99 423 352 60 367 905 146 639 668 86 744 272 947 323 961 329 148 134 749 964 270 600 85 79 626 260 422 581 163 762 870 494 268 56 738 931 979 400 622 468 984 987 676 948 332 445 232 255 242 997 419 67 954 
587 947 155 980 717 693 223 695 306 272 838 667 327 221 488 624 531 980 279 474 17 303 322 277 929 266 327 578 93 528 448 14 814 6 896 583 695 602 363 509 678 162 781 76 150 306 459 367 358 294 103 298 936 578 784 856 813 208 366 949 287 723 417 775 544 724 160 113 413 740 472 
441 620 574 471 303 347 781 728 801 345 416 623 647 419 735 884 671 537 982 844 181 355 933 435 101 444 348 460 276 993 981 177 860 276 326 709 191 643 717 337 54 364 984 183 747 45 289 328 856 948 297 894 131 975 370 122 382 588 903 967 813 471 484 262 666 195 13 955 611 672 464 
484 781 691 417 781 852 296 36 975 78 302 638 303 684 735 523 254 542 459 199 507 495 782 681 665 289 336 13 325 467 973 653 521 174 13 909 72 250 565 52 847 531 259 275 514 763 128 166 762 35 941 822 563 125 771 294 485 691 62 486 590 694 992 200 960 950 417 444 365 256 149 
697 116 943 884 258 627 317 549 352 735 845 329 145 274 533 188 319 971 367 143 374 179 258 82 298 467 363 402 780 629 221 250 611 111 575 652 417 399 328 307 417 418 492 323 318 435 586 689 40 534 340 754 396 175 156 498 422 863 194 867 462 487 523 978 714 319 217 442 367 242 807 
611 977 211 23 27 276 497 179 836 15 738 167 480 58 318 416 407 330 128 756 126 810 218 576 351 211 385 188 537 499 224 801 579 931 669 16 953 730 568 240 101 90 303 934 307 643 7 99 877 61 397 894 888 932 757 821 288 582 106 343 632 990 70 384 234 457 508 582 22 178 412 
725 856 387 107 261 630 217 293 296 887 933 960 986 280 712 698 732 620 595 438 66 822 796 161 662 507 15 596 364 555 894 449 626 385 314 183 296 252 626 885 128 320 549 267 939 825 818 288 815 80 294 493 272 613 654 534 775 234 346 958 534 284 939 755 962 874 555 720 721 377 500 
152 750 963 789 919 191 460 699 432 605 309 8 538 406 914 84 884 890 157 473 778 797 347 151 65 786 418 81 66 747 621 247 111 347 515 817 677 711 524 584 690 671 854 345 997 448 44 384 561 209 924 701 393 388 286 150 764 181 17 139 721 120 4 59 443 133 575 79 459 3 763 
484 280 611 171 194 451 906 723 636 569 962 92 614 296 75 51 336 900 261 576 260 346 112 950 905 481 358 653 299 335 96 330 191 76 56 615 727 637 820 83 704 572 415 121 80 140 154 996 894 174 173 910 256 753 529 294 542 216 298 162 484 535 556 784 279 604 666 455 397 446 763 
656 231 887 859 377 245 730 456 886 788 942 93 737 220 914 709 272 502 294 265 422 923 444 478 90 103 55 135 863 936 929 836 387 641 492 621 136 538 31 342 888 763 221 229 683 527 957 522 529 102 19 598 662 186 603 488 618 797 266 186 916 362 291 674 622 141 15 58 576 670 160 
702 576 345 678 820 278 831 166 365 118 438 349 671 13 124 709 742 148 282 738 574 600 967 892 443 116 719 744 556 785 633 394 961 930 842 642 139 960 70 977 170 494 388 901 887 515 866 617 931 861 253 626 86 805 332 252 837 29 144 624 536 755 698 165 73 339 345 94 486 76 461 
990 399 522 612 945 682 115 830 336 274 350 191 739 539 329 313 43 87 926 964 254 448 384 421 62 521 594 722 673 196 871 505 955 45 471 550 412 520 662 708 33 521 610 357 546 782 874 51 97 949 783 514 888 773 477 635 826 326 896 625 675 631 506 980 781 633 18 425 882 898 915 
476 30 956 44 793 169 697 52 967 399 715 978 902 443 26 745 459 362 33 850 488 52 189 42 950 534 221 245 240 599 348 540 392 805 393 459 324 387 193 375 763 94 207 296 27 483 748 806 288 724 722 469 524 409 296 447 757 433 392 639 778 458 426 107 992 994 176 72 552 637 213 
269 425 479 776 928 559 236 517 185 803 127 5 170 729 12 410 598 26 855 268 97 606 12 724 91 99 389 182 504 865 12 731 60 215 10 308 474 957 581 939 309 963 937 23 778 879 780 22 275 661 336 497 917 72 470 866 876 810 936 816 782 430 257 753 983 679 299 217 935 458 58 
652 516 11 684 448 523 533 292 651 168 850 563 260 810 301 699 505 753 511 740 21 342 195 779 315 180 647 113 450 725 82 857 325 48 467 48 485 43 30 777 849 868 62 383 269 887 205 220 325 915 862 61 263 21 889 638 484 697 226 377 484 658 626 830 658 54 137 866 870 381 488 
128 201 877 43 798 768 669 474 210 42 465 810 313 545 67 26 552 360 488 806 171 329 957 674 484 384 587 107 134 870 985 811 885 320 602 826 967 532 83 579 504 404 412 580 71 400 132 894 893 72 412 59 731 525 254 588 978 264 611 740 2 284 713 681 255 852 355 723 205 866 458 
775 593 189 668 678 63 891 275 569 691 781 235 935 451 144 580 512 136 94 992 687 776 439 825 563 92 475 354 326 981 607 534 95 623 207 56 893 174 613 961 906 632 681 630 670 879 787 381 370 427 698 505 876 921 197 991 701 909 896 726 509 924 125 457 355 397 300 300 297 445 692 
63 540 59 995 175 778 721 591 502 868 985 933 828 518 56 948 285 124 880 855 501 429 817 318 777 153 375 338 36 237 74 786 856 888 968 978 353 56 837 219 198 496 598 689 549 103 954 619 187 636 829 123 618 522 600 617 452 864 671 227 801 347 414 84 26 151 16 918 557 580 248 
867 129 521 709 882 159 404 551 661 583 829 240 501 920 505 369 984 844 651 58 900 43 539 975 304 660 305 511 132 83 710 126 266 362 992 417 465 57 475 932 61 768 73 251 823 159 378 375 914 724 454 963 325 112 10 425 699 258 114 422 966 135 85 800 671 371 743 478 419 548 651 
343 335 442 519 656 953 989 422 28 432 268 993 472 498 266 234 585 52 721 118 373 804 822 626 758 875 34 385 306 755 843 550 184 532 709 100 908 789 974 199 891 91 58 773 323 448 669 968 434 675 358 641 641 56 161 536 644 199 635 312 968 520 61 68 12 231 82 530 115 255 584 
551 686 979 83 78 914 234 393 253 107 415 883 789 165 164 72 299 256 495 868 698 190 788 223 384 540 541 478 305 40 311 193 603 291 717 736 973 300 947 414 404 894 645 419 448 534 602 385 678 549 149 830 501 353 666 261 959 637 107 222 701 104 945 82 759 737 452 820 306 187 711 
615 26 246 276 492 284 997 875 834 721 634 74 27 458 493 292 11 535 330 100 46 776 381 180 439 708 217 865 543 704 940 678 786 998 763 745 38 745 460 521 62 756 781 716 366 88 305 834 214 134 800 225 86 369 607 66 359 417 74 171 516 577 585 35 622 486 207 23 395 63 483 
106 612 389 412 56 165 689 138 494 520 59 385 717 884 101 169 686 842 136 811 110 759 116 796 994 724 932 494 608 310 247 283 229 940 512 108 600 148 346 998 504 484 895 579 343 391 373 112 157 793 394 88 957 700 292 909 806 602 65 696 537 935 90 733 521 406 296 606 391 442 918 
549 125 566 511 34 402 963 368 139 623 28 4 717 520 171 859 914 748 669 888 43 371 831 165 363 642 275 192 798 997 585 52 108 653 135 54 556 722 361 50 605 261 262 58 671 135 409 352 458 131 246 693 917 206 961 827 358 286 719 935 734 525 517 170 650 412 463 950 108 665 753 
165 527 279 123 930 78 670 60 86 844 294 558 48 863 666 697 213 561 177 817 539 618 605 586 480 806 760 731 912 809 122 715 238 573 917 142 278 219 525 174 157 32 611 741 803 577 912 816 239 470 69 553 302 813 405 547 968 865 85 26 932 935 516 226 578 71 447 755 37 535 631 
209 444 634 485 832 92 912 631 504 604 239 747 818 798 836 621 560 406 769 804 339 281 919 801 674 275 3 169 308 424 621 451 28 606 926 351 778 327 879 43 348 787 679 33 409 889 362 480 191 342 118 370 568 513 349 464 851 198 7 416 51 939 231 976 901 85 834 674 431 203 644 
897 347 51 258 772 31 713 221 741 413 107 168 264 520 464 967 521 958 998 378 555 140 365 272 734 505 102 942 953 547 695 529 480 901 435 99 845 290 692 398 696 606 813 832 997 904 251 676 519 600 111 69 979 637 760 809 778 921 659 492 716 792 63 14 603 821 764 979 166 705 528 
38 165 555 355 678 117 341 270 533 539 789 747 687 117 513 470 64 697 638 542 379 522 737 841 732 610 321 645 338 673 697 205 438 500 452 409 931 196 351 201 749 192 943 904 496 426 641 118 412 608 551 317 157 963 857 851 477 380 24 461 266 344 595 986 55 587 893 429 473 842 365 
4 695 618 887 359 416 397 804 608 388 162 960 330 34 662 537 195 194 319 954 380 510 182 633 421 500 840 885 653 840 693 719 919 896 491 852 668 24 549 690 130 681 538 574 709 876 271 65 252 987 365 549 351 476 224 952 334 541 207 836 102 227 418 656 472 36 16 474 171 551 435 
892 149 138 451 505 364 207 475 636 688 118 988 646 104 225 537 600 834 102 163 565 574 482 718 326 464 949 926 796 987 888 637 910 416 760 142 274 985 202 990 354 446 2 192 493 149 473 221 529 313 263 719 293 650 113 324 781 982 632 492 269 22 579 771 152 961 706 387 806 45 696 
564 225 753 211 506 742 778 595 404 598 440 260 416 649 694 281 998 984 392 237 509 746 953 825 483 929 97 291 491 434 796 180 976 165 115 473 995 452 66 618 251 575 169 487 325 670 849 805 537 802 341 68 307 492 248 485 449 462 414 985 291 895 274 800 35 992 321 676 255 89 866 
231 950 132 732 493 47 796 41 161 764 10 759 589 747 174 151 73 378 873 789 417 157 336 293 360 582 436 440 859 411 522 816 772 729 845 645 983 718 876 973 478 536 286 855 421 221 866 689 757 8 198 377 368 986 307 450 319 489 128 824 220 121 30 332 243 841 201 704 819 3 165 
138 544 742 216 122 337 651 50 669 365 111 371 614 780 213 765 125 792 661 608 104 113 573 297 612 297 574 590 985 18 98 321 799 804 301 294 331 271 493 610 682 380 489 237 218 747 796 74 475 551 32 321 194 48 488 413 637 245 243 309 850 754 730 412 12 357 162 917 537 311 731 
843 97 939 974 546 190 523 231 3 442 24 567 619 287 690 116 874 167 54 199 561 936 359 160 911 602 958 309 393 75 700 882 446 65 840 433 956 807 515 540 729 748 295 265 761 861 863 241 584 744 346 821 456 165 317 177 697 187 21 752 929 561 839 995 526 520 533 760 29 635 288 
283 833 896 104 153 910 672 546 175 849 693 403 522 11 739 273 103 56 158 613 538 646 893 286 650 594 176 125 882 233 514 564 543 306 171 848 293 138 758 872 764 387 118 159 742 147 142 25 790 677 689 461 741 566 252 753 955 569 528 381 757 944 570 219 940 540 637 582 773 420 440 
136 385 318 904 207 957 691 139 528 623 661 739 944 468 619 95 111 555 774 853 720 376 444 208 286 626 337 143 13 718 640 317 781 943 169 719 794 672 380 776 895 518 512 45 102 857 641 164 383 621 942 209 220 758 920 114 956 278 905 316 506 281 587 272 414 879 874 13 826 423 854 
381 393 919 139 125 625 77 375 483 753 857 209 434 612 956 467 256 575 111 857 565 85 646 957 468 793 163 775 13 863 777 660 561 446 806 858 279 865 329 470 356 558 501 117 149 286 54 84 884 645 866 213 82 425 30 353 351 835 295 616 730 124 333 252 208 634 687 394 588 828 843 
479 367 294 317 617 755 287 165 677 529 823 820 398 837 863 678 280 645 614 308 551 959 478 722 988 491 694 603 874 915 176 884 865 383 610 605 64 437 316 434 61 3 925 778 246 585 389 872 155 358 356 765 138 272 459 605 136 864 519 125 835 905 228 745 996 552 313 194 220 158 731 
41 952 396 922 78 993 859 648 920 297 777 448 762 343 24 250 674 866 61 158 355 219 981 958 752 145 303 367 443 253 661 546 192 978 86 941 585 287 976 945 163 933 474 431 925 536 349 693 654 259 95 815 928 373 351 998 262 490 345 890 246 738 476 431 126 670 726 267 703 177 34 
239 973 197 298 2 412 496 168 289 299 297 263 854 11 51 2 636 662 120 671 160 26 656 909 712 116 465 254 336 361 121 907 144 755 128 382 15 910 406 176 190 396 871 143 791 297 413 702 814 372 26 553 606 735 393 51 373 462 707 888 746 21 981 259 931 943 671 139 480 640 856 
854 207 762 780 593 301 16 27 2 133 841 106 545 818 861 743 769 52 499 646 127 251 676 29 527 532 3 678 262 562 354 842 464 808 248 727 753 214 926 865 232 848 553 167 483 540 421 905 718 44 590 439 751 756 851 939 935 528 432 907 729 586 334 769 47 116 731 320 45 516 319 
