 000000000
 100000000
110000000
 010000000
011000000
111000000
101000000
 001000000
001100000
101100000
111100000
011100000
010100000
110100000
100100000
 000100000
000110000
100110000
110110000
010110000
011110000
111110000
101110000
001110000
001010000
101010000
111010000
011010000
010010000
110010000
100010000
000010000
000011000
100011000
110011000
010011000
011011000
111011000
101011000
001011000
001111000
101111000
111111000
011111000
010111000
110111000
100111000
000111000
000101000
100101000
110101000
010101000
011101000
111101000
101101000
001101000
001001000
101001000
111001000
011001000
010001000
110001000
100001000
000001000
000001100
100001100
110001100
010001100
011001100
111001100
101001100
001001100
001101100
101101100
111101100
011101100
010101100
110101100
100101100
000101100
000111100
100111100
110111100
010111100
011111100
111111100
101111100
001111100
001011100
101011100
111011100
011011100
010011100
110011100
100011100
000011100
000010100
100010100
110010100
010010100
011010100
111010100
101010100
001010100
001110100
101110100
111110100
011110100
010110100
110110100
100110100
000110100
000100100
100100100
110100100
010100100
011100100
111100100
101100100
001100100
001000100
101000100
111000100
011000100
010000100
110000100
100000100
000000100
000000110
100000110
110000110
010000110
011000110
111000110
101000110
001000110
001100110
101100110
111100110
011100110
010100110
110100110
100100110
000100110
000110110
100110110
110110110
010110110
011110110
111110110
101110110
001110110
001010110
101010110
111010110
011010110
010010110
110010110
100010110
000010110
000011110
100011110
110011110
010011110
011011110
111011110
101011110
001011110
001111110
101111110
111111110
011111110
010111110
110111110
100111110
000111110
000101110
100101110
110101110
010101110
011101110
111101110
101101110
001101110
001001110
101001110
111001110
011001110
010001110
110001110
100001110
000001110
000001010
100001010
110001010
010001010
011001010
111001010
101001010
001001010
001101010
101101010
111101010
011101010
010101010
110101010
100101010
000101010
000111010
100111010
110111010
010111010
011111010
111111010
101111010
001111010
001011010
101011010
111011010
011011010
010011010
110011010
100011010
000011010
000010010
100010010
110010010
010010010
011010010
111010010
101010010
001010010
001110010
101110010
111110010
011110010
010110010
110110010
100110010
000110010
000100010
100100010
110100010
010100010
011100010
111100010
101100010
001100010
001000010
101000010
111000010
011000010
010000010
110000010
100000010
000000010
000000011
100000011
110000011
010000011
011000011
111000011
101000011
001000011
001100011
101100011
111100011
011100011
010100011
110100011
100100011
000100011
000110011
100110011
110110011
010110011
011110011
111110011
101110011
001110011
001010011
101010011
111010011
011010011
010010011
110010011
100010011
000010011
000011011
100011011
110011011
010011011
011011011
111011011
101011011
001011011
001111011
101111011
111111011
011111011
010111011
110111011
100111011
000111011
000101011
100101011
110101011
010101011
011101011
111101011
101101011
001101011
001001011
101001011
111001011
011001011
010001011
110001011
100001011
000001011
000001111
100001111
110001111
010001111
011001111
111001111
101001111
001001111
001101111
101101111
111101111
011101111
010101111
110101111
100101111
000101111
000111111
100111111
110111111
010111111
011111111
111111111
341
