500
279 196
182 105
400 14
278 217
198 411
379 318
120 421
314 95
437 325
23 433
71 485
192 154
90 224
180 71
328 93
183 101
404 349
223 285
492 100
366 480
29 328
200 448
365 156
226 231
129 167
246 273
171 452
284 6
131 471
229 90
480 48
448 157
240 221
7 36
401 200
255 438
436 110
281 489
388 258
352 72
197 303
125 361
122 257
118 172
113 445
156 382
60 50
184 171
167 434
336 9
130 272
211 236
361 17
413 7
351 375
401 160
168 241
14 313
485 192
36 441
295 345
210 332
263 83
106 315
452 13
477 44
280 252
308 256
53 132
381 181
303 408
8 26
474 114
69 174
201 290
206 301
77 259
494 444
78 442
298 248
27 230
271 228
256 175
65 426
178 356
216 329
310 184
398 183
330 396
416 205
276 373
487 473
96 151
442 210
305 350
238 470
105 263
346 431
337 58
405 207
358 410
121 400
207 367
377 226
311 343
329 128
316 166
196 103
285 59
112 25
204 247
222 398
225 317
191 85
119 5
164 254
262 376
461 429
265 237
451 73
296 88
247 41
38 46
153 271
418 109
113 238
360 386
491 223
165 144
73 116
15 162
237 495
372 213
250 500
174 35
1 467
151 312
199 468
236 150
376 362
396 499
75 185
408 322
140 3
363 348
104 121
218 469
12 323
91 84
215 28
385 117
54 158
490 2
101 124
11 142
145 482
459 260
498 479
42 189
264 149
194 63
34 102
95 449
203 378
371 43
84 38
431 292
242 94
83 481
364 191
283 416
97 135
274 389
395 295
2 265
266 498
56 173
383 220
245 4
318 31
58 42
435 148
190 215
374 198
259 212
25 65
327 458
347 264
166 384
430 333
187 129
315 70
441 203
169 439
454 125
141 466
434 78
476 81
165 53
294 300
211 297
62 298
384 337
404 161
393 89
244 280
49 190
55 79
299 358
228 86
464 16
465 204
131 339
267 369
46 20
189 418
123 463
233 194
291 413
387 326
391 310
463 168
214 27
443 40
407 299
294 462
423 308
376 268
370 399
333 127
32 178
200 30
143 112
148 291
422 197
344 126
391 153
460 137
392 97
380 234
297 87
163 232
450 243
475 134
406 371
352 251
10 261
138 32
137 206
150 342
367 92
13 353
89 33
175 450
116 344
476 465
397 440
232 45
484 477
86 383
373 216
208 351
18 282
324 404
293 106
375 170
428 483
447 11
412 165
17 240
19 269
5 491
492 69
241 64
160 133
35 51
108 139
30 182
324 352
45 459
43 66
415 405
9 55
438 91
412 324
288 145
170 80
94 123
87 417
44 219
160 288
429 391
68 136
85 24
148 425
212 457
126 146
281 443
132 346
214 475
66 141
369 56
152 60
478 430
257 159
435 294
466 284
193 341
411 380
233 302
482 453
402 138
469 1
52 319
424 54
100 415
341 107
340 235
59 314
306 390
173 286
354 464
93 478
159 472
342 120
166 409
146 229
258 289
410 385
99 397
406 122
239 305
179 49
473 423
453 374
117 118
176 275
136 281
414 15
382 74
301 428
449 407
33 296
343 68
234 75
378 354
444 21
268 12
20 82
61 377
433 293
82 23
195 199
368 104
353 403
420 487
205 488
147 143
362 451
76 422
110 39
338 18
269 307
479 335
235 347
409 147
260 388
403 202
326 163
458 497
322 432
359 368
39 435
312 331
325 155
439 47
185 208
471 364
319 387
272 279
133 22
110 412
287 379
323 414
158 366
254 304
421 454
286 52
331 283
448 309
109 338
345 277
227 179
70 244
288 274
386 152
74 370
339 316
115 455
275 334
154 327
24 486
27 186
302 336
202 239
270 211
127 242
304 245
371 169
177 131
111 255
92 218
290 253
102 437
188 287
6 99
307 330
30 306
79 474
456 320
417 484
221 37
493 278
390 424
48 201
292 461
249 61
155 266
440 225
497 395
128 393
496 57
181 140
499 34
495 187
350 113
80 233
224 98
139 496
419 188
468 67
455 249
40 270
426 359
445 111
483 195
67 357
446 193
220 115
64 108
248 360
357 372
475 177
3 77
133 394
39 214
252 321
320 62
209 246
261 427
219 10
253 227
31 76
467 180
217 29
282 164
21 446
172 392
51 355
486 276
81 493
37 456
16 406
389 381
273 476
481 19
4 494
335 176
472 490
457 419
98 365
313 130
332 222
86 492
436 401
63 119
231 460
427 96
88 340
348 447
470 209
47 420
142 267
500 262
321 8
133 363
243 250
28 311
355 402
500
60 78 68
53 54 37
69 63 56
48 44 46
20 51 69
4 42 38
49 29 32
46 27 55
18 52 36
55 36 23
38 30 28
52 63 75
15 52 37
69 56 81
77 62 65
45 28 37
26 41 57
24 79 61
18 45 33
27 16 25
70 18 52
46 44 30
72 55 51
55 61 38
40 34 34
48 6 54
77 54 47
22 43 47
52 59 39
45 44 37
46 45 17
54 61 57
79 71 72
68 38 42
60 30 44
16 57 73
15 36 47
66 45 73
53 48 47
13 15 28
42 65 59
48 87 41
64 40 28
49 55 10
38 38 48
64 30 42
53 35 68
23 42 59
24 36 24
39 39 72
7 13 16
39 26 13
22 43 35
46 8 38
71 51 20
25 15 12
18 56 38
23 36 15
66 52 14
23 38 49
25 21 20
46 59 19
18 19 29
51 38 39
9 22 15
24 66 60
6 32 38
53 50 49
45 22 31
56 38 44
37 30 53
23 26 13
14 31 17
73 42 37
41 20 61
6 30 36
26 48 44
70 33 51
56 52 38
16 15 31
43 66 43
73 72 59
14 27 21
38 46 48
32 26 30
44 32 46
34 21 51
6 18 12
40 22 52
8 54 48
78 48 64
42 65 23
19 8 25
7 26 29
38 33 45
5 26 27
28 37 9
32 30 44
43 35 40
24 41 21
62 22 52
39 58 63
63 46 35
31 7 24
69 46 31
83 59 68
67 63 90
41 50 31
44 22 30
49 33 48
51 1 50
51 63 50
31 32 11
19 36 19
50 5 47
34 36 32
9 21 26
32 18 22
47 72 49
49 18 39
41 9 42
68 57 51
45 44 45
42 62 32
25 43 36
50 36 70
18 42 36
28 32 38
45 31 36
36 34 50
47 34 51
35 48 65
20 35 17
37 10 39
50 57 41
49 21 64
30 31 51
12 45 43
44 56 38
46 35 69
31 37 30
27 63 52
22 23 9
46 32 32
43 28 25
21 38 41
6 6 12
16 58 56
25 27 8
35 0 35
62 53 29
15 33 48
37 43 24
50 28 28
63 50 77
20 54 54
20 36 40
30 18 38
42 56 14
11 41 46
44 15 41
73 70 69
49 43 44
2 19 19
26 31 47
57 76 19
51 20 39
46 28 32
60 54 6
2 44 42
69 54 31
34 27 29
21 56 61
5 13 18
49 6 53
72 50 36
12 32 44
35 25 28
14 62 62
31 23 48
11 14 15
41 29 30
5 47 42
29 34 45
19 34 15
49 21 36
42 19 23
61 57 4
26 15 37
70 82 62
13 51 38
42 37 65
38 39 25
43 26 63
23 68 49
23 32 27
9 29 32
50 54 18
45 26 57
21 22 5
28 43 15
63 43 34
34 43 51
44 35 39
70 56 18
32 65 33
35 50 19
76 72 76
39 56 83
57 42 67
19 28 41
52 24 68
50 78 40
0 46 46
25 17 34
61 36 73
86 9 95
31 84 63
36 51 31
35 20 21
68 77 11
7 11 16
62 67 47
55 38 39
27 37 14
35 14 29
28 4 32
39 22 57
23 36 21
43 38 43
49 65 58
45 13 36
53 39 16
66 33 55
17 8 19
11 1 12
49 36 25
79 0 79
44 36 12
46 52 56
46 57 29
25 22 47
59 29 58
35 51 40
15 6 21
28 50 40
22 6 28
41 17 52
68 65 3
28 38 20
70 66 64
59 50 39
28 31 25
46 34 26
53 70 55
43 54 49
77 68 81
45 65 28
25 26 1
77 51 54
60 60 42
33 16 49
14 22 36
49 60 67
1 48 47
64 46 38
59 56 31
83 57 36
67 29 44
12 15 27
38 14 52
51 31 70
29 12 31
12 28 36
32 38 28
83 66 17
2 41 39
76 55 69
25 42 39
92 78 82
50 50 74
27 52 51
53 47 6
29 8 25
31 57 36
66 29 37
48 18 62
47 60 15
17 25 36
66 57 35
20 34 24
65 44 75
41 31 60
50 40 12
53 18 35
8 25 29
85 98 83
56 49 57
14 16 14
61 50 67
54 41 69
35 40 43
43 20 23
22 24 36
74 48 82
78 19 67
44 33 11
47 51 34
65 19 46
43 26 37
32 21 43
9 55 46
14 29 15
19 37 56
56 53 45
57 66 9
27 49 58
31 14 31
54 46 30
36 34 36
12 30 20
44 48 32
34 47 47
20 68 52
58 31 35
44 38 42
67 73 6
37 27 54
72 27 77
70 2 68
67 28 39
52 30 66
25 45 32
50 37 55
66 56 66
20 23 27
37 39 52
36 55 19
40 50 16
45 62 47
5 42 37
64 36 40
39 41 6
50 13 63
50 46 36
1 43 42
55 45 66
19 48 67
5 56 51
63 45 56
44 82 50
29 54 37
33 60 51
48 31 33
33 54 43
55 48 63
84 78 76
34 57 27
40 54 56
6 56 50
64 71 31
19 24 43
60 47 45
45 84 49
49 56 63
50 60 36
21 37 58
13 68 55
13 41 34
37 19 46
83 5 88
60 34 26
57 38 71
26 37 49
20 18 2
62 42 62
30 78 48
38 37 51
67 44 23
37 21 30
47 54 37
26 56 48
30 50 22
47 80 57
74 85 25
39 40 9
26 26 48
15 10 25
43 49 6
41 39 74
64 48 58
35 56 31
55 59 44
54 13 47
76 70 72
35 51 62
43 70 27
20 20 28
23 29 12
31 33 44
34 16 44
48 47 9
51 72 51
19 44 25
55 33 52
43 4 39
43 36 35
21 50 29
21 47 30
44 41 3
42 59 49
59 68 53
36 10 36
12 29 19
43 42 31
35 37 42
47 3 44
37 65 48
14 18 8
25 61 36
39 47 8
17 4 13
29 22 7
33 73 48
30 44 42
42 54 20
25 50 45
30 49 49
1 61 62
62 2 64
32 18 14
53 58 75
48 64 58
16 33 21
31 50 27
65 44 23
7 25 32
26 41 23
48 10 38
64 7 57
41 60 57
3 36 39
37 39 6
36 17 25
78 73 55
39 65 42
54 53 63
43 59 40
7 17 18
51 62 11
17 8 17
33 33 12
37 53 54
52 36 82
27 50 23
39 21 46
42 43 41
22 18 32
49 29 34
23 27 40
39 25 26
23 54 31
69 50 55
62 66 40
41 52 83
22 45 31
26 52 56
49 43 42
34 92 58
71 50 37
49 42 55
38 21 21
42 59 57
38 28 24
44 2 46
15 45 40
40 29 41
9 52 47
45 24 67
5 28 33
26 40 44
35 36 47
25 28 23
35 52 55
55 31 54
50 27 73
29 39 52
40 1 41
9 9 18
41 33 42
16 21 27
13 51 40
58 79 73
28 34 28
84 63 57
73 63 72
17 12 5
53 76 69
29 7 36
67 19 68
