2000
643 1871
689 23
1822 1443
1031 1027
1655 845
189 771
1561 498
19 1778
576 1080
904 717
1690 291
1387 1077
398 811
1310 1231
645 1291
480 927
330 170
1464 1057
1033 894
1308 288
1292 1529
1212 122
1108 401
89 1118
1058 1088
1764 1314
981 1255
1893 864
180 1887
1903 843
734 1412
883 1013
1739 1246
1420 1840
1190 41
1103 1468
961 38
1226 1584
1611 1120
42 1237
1564 437
1187 683
1627 1876
143 506
1074 971
691 1236
976 426
123 136
435 1436
204 1592
843 435
80 1029
178 571
152 141
1051 227
1566 1576
456 1692
984 582
1868 760
309 213
1043 84
1795 1678
1825 1771
284 1896
1761 1235
1029 851
1076 1232
171 497
1176 983
1517 271
1771 1061
797 191
400 382
1568 1511
172 599
87 1380
934 1422
1237 658
835 604
467 1168
1623 274
1801 45
1315 1312
1327 1094
667 1385
985 1932
510 940
361 1919
894 565
624 289
1570 1970
487 107
1497 1051
1394 1016
935 36
1371 541
505 785
1325 1690
272 2
945 1172
1254 706
1781 1008
1912 1508
1302 49
743 50
1768 1331
1070 1278
1354 1059
1434 1461
211 119
1993 815
836 1030
1927 198
1975 1942
1430 279
1886 429
1952 1245
607 1453
1417 890
1624 1251
1512 729
1385 1191
1659 1435
1895 355
1519 1444
1445 546
1682 721
216 545
1104 1978
1465 676
917 1706
561 943
1272 1898
619 579
818 20
325 1905
589 893
1955 1781
165 1486
1460 390
1813 563
148 403
554 1926
1879 1501
1697 321
466 358
1229 806
1451 1102
1651 1770
1955 752
915 364
931 495
307 848
890 755
580 842
1730 1349
1223 1856
340 386
220 1540
1668 792
1032 46
862 479
767 1728
986 453
975 252
1554 1174
1014 1594
1455 651
1306 1018
709 1823
1139 692
1586 984
1444 427
979 977
1870 9
1283 512
112 1288
230 680
182 926
886 211
1481 559
1364 1604
140 1646
1740 574
421 1113
1227 520
1149 1344
1459 1774
1378 111
287 121
1185 221
1309 1569
1214 323
1405 1359
1219 257
376 551
1965 654
415 965
872 767
1618 576
1247 1679
446 102
482 1689
1376 445
882 130
1266 303
1004 1552
1741 1987
1676 97
604 777
622 162
1734 452
1639 1346
858 715
1766 1097
165 698
1675 224
79 808
1596 203
1887 747
1134 1337
756 240
1282 1309
1829 369
535 157
1096 1650
53 542
851 1537
145 363
319 167
1846 607
869 249
1901 1794
681 1093
665 501
1472 411
174 124
1475 1599
1457 154
345 1657
1782 623
1443 324
362 903
805 456
1873 225
1168 947
63 1861
177 180
1637 570
1818 782
430 235
1780 865
1970 509
1597 184
1553 1694
1357 69
999 619
1124 1058
1377 626
896 605
65 487
1426 342
785 900
1566 880
374 1452
166 912
1677 129
892 415
1569 335
1653 22
291 94
489 1064
1914 1500
954 199
611 1464
763 316
206 1574
1333 182
200 668
1387 343
1678 391
1737 710
1337 44
255 1833
333 1165
339 1111
1003 1635
710 678
1929 1377
716 1490
1906 1611
1165 944
1109 1228
356 740
1805 1710
841 230
792 1148
3 766
1662 168
774 618
1401 924
1080 1225
1744 1571
90 1254
1209 1218
1303 675
173 187
1038 1889
632 828
729 1350
1788 1043
1143 711
30 627
1576 1754
648 783
214 322
229 1397
942 467
1816 1820
450 1920
161 32
1936 873
379 1807
199 562
1392 457
560 1017
558 1554
342 573
1307 603
1095 1563
11 145
913 387
219 37
300 859
1452 821
1431 1507
226 756
1727 1323
1396 1129
549 398
246 88
1428 584
1636 258
1572 1750
1501 233
26 725
902 368
1211 253
1178 1644
155 317
506 101
127 934
1228 269
739 239
343 1302
1905 201
1867 1927
1245 178
1142 454
97 1162
1259 42
1994 1627
306 1815
885 887
1745 1813
1976 1488
128 1551
1807 265
1726 1333
481 261
1695 1968
1860 1677
358 1993
1111 1808
1492 839
328 372
1523 1685
308 836
532 1756
628 1542
1995 158
1684 1931
385 986
375 1700
630 768
402 991
242 561
758 1910
514 1669
1487 849
1974 522
1158 448
1241 1814
453 1956
1777 1723
1234 550
1784 1680
1170 746
1707 1697
404 1504
1161 780
485 1586
1999 359
109 169
1174 246
241 1880
1911 1583
1708 436
1271 292
1273 1234
1025 641
1628 1141
320 12
476 473
1831 1495
1046 534
1967 1229
1964 59
1723 330
1239 179
840 1546
1658 1340
136 774
1003 354
545 1142
1413 1800
637 1777
301 933
205 138
1516 1149
1679 1732
807 1829
1494 1597
1105 540
477 1925
1982 144
755 1973
768 47
1794 750
540 1543
332 1326
458 937
1433 1320
1419 1864
1753 189
815 399
1758 1989
1269 1865
1513 799
494 218
1046 104
1081 1605
914 325
323 422
1883 1040
1047 222
1164 1428
1584 1539
899 1405
1057 1176
17 1614
1447 1152
1815 1463
222 474
1937 1132
909 1528
661 789
268 823
1779 620
1500 930
1399 57
1265 1020
1154 578
157 245
634 1341
1563 735
1085 724
1375 1960
550 160
791 1943
832 1103
1804 1019
1973 1281
203 564
208 1790
259 1472
93 1100
879 1709
1024 1159
473 1570
1099 311
343 209
1284 6
1379 281
1790 1166
406 3
1106 705
243 1780
163 1455
838 1753
392 1038
1092 953
638 1295
338 455
431 531
1949 615
1720 140
388 980
753 737
1716 93
680 722
759 1054
251 1982
1456 1618
1317 575
751 1588
1841 1983
28 165
202 1526
46 62
1840 829
836 827
196 621
1116 10
1767 1564
1757 875
1897 308
1321 394
266 830
1823 1319
1476 1695
395 850
34 1901
425 302
1391 1980
1828 286
1126 1446
381 128
1661 1032
339 609
122 1063
1035 313
248 956
1053 1050
1646 741
740 813
1450 1421
1913 1406
1186 1201
439 1095
457 1548
118 1083
170 885
455 846
1297 1101
1512 1966
239 1662
31 1271
987 1244
822 1110
83 89
225 416
1133 396
1489 1764
1435 1221
695 969
527 1796
1261 1797
185 681
1386 1372
702 400
1358 54
1649 1568
250 125
725 419
1705 1965
1516 1473
653 1758
1811 950
108 1760
1650 1145
1560 115
1196 610
1606 1959
1073 814
555 867
1590 1223
602 72
1724 1619
538 1555
1275 662
1754 284
912 1950
615 1906
1193 1348
257 701
1421 863
256 267
808 781
597 702
1551 1547
1546 1613
1589 1853
1290 1123
1274 975
1772 1116
1137 667
998 1239
1278 889
1422 1252
1135 1426
1861 1395
1041 1984
1063 353
1152 1948
1862 1304
1832 677
1473 1230
1776 1899
546 315
625 109
1700 1454
1006 869
1609 1668
396 891
186 1843
227 67
1436 461
244 1407
1130 65
294 113
1398 499
280 1553
511 1663
744 181
1112 1972
664 270
193 1076
611 1360
880 1037
212 1519
1793 1269
1026 798
1843 25
1390 630
1835 176
153 1536
513 929
1228 304
1230 1387
1331 1831
427 470
1654 988
1050 1672
720 1493
518 150
1353 1963
1510 1066
1896 5
1066 805
1884 1847
736 477
1060 1772
1184 361
1324 147
595 1115
370 1124
651 1773
728 629
116 1933
1534 1767
1613 442
1231 1698
380 1274
181 1213
32 299
1718 17
1958 207
1011 1745
993 1565
1849 110
1078 1357
75 1347
350 1713
61 1382
722 1835
1040 1923
1983 1786
43 344
1603 1427
806 1975
1538 1336
1614 751
12 1719
989 870
201 476
1923 1701
1213 775
764 635
1156 1573
1865 1922
1034 648
1490 636
876 502
460 899
417 1351
1000 418
2 1194
523 175
1529 1459
1977 1994
949 446
1934 1532
372 1424
1702 948
1796 801
1449 744
1608 1324
938 172
147 1219
950 553
1856 556
521 275
783 142
1373 301
1548 1160
1747 935
52 126
1414 1622
528 375
1077 1625
658 1792
647 730
1493 351
1669 1809
825 247
1577 259
668 871
1928 591
1631 581
1539 719
1300 1598
747 1811
562 389
592 1879
1587 917
1402 1078
1717 86
1599 1632
1689 337
905 1087
54 1363
1440 217
666 1342
1367 332
1350 1909
1342 515
433 1666
8 486
247 754
1992 376
646 414
368 1720
671 39
1499 1393
223 1209
14 1117
1917 1417
1012 803
1806 616
1064 1045
1557 1479
1954 15
449 35
1647 734
1962 1958
1944 494
674 277
889 425
274 1240
1458 1620
327 1684
1515 215
410 825
1471 1404
859 728
1202 613
525 588
279 778
793 979
151 1396
823 1631
1580 229
1552 1265
1878 1104
1593 967
1792 961
1915 64
972 1358
1827 1577
519 736
723 438
737 177
639 408
138 1316
1664 586
1774 352
235 558
121 1371
1969 877
1698 914
37 697
496 1580
1005 855
552 1724
717 1730
918 797
1166 1208
569 318
1665 1642
1957 1499
1680 892
1890 300
1477 624
1030 625
1833 1355
1061 543
293 1585
1000 761
1845 1664
1537 1608
1880 1883
500 593
72 786
179 374
1285 493
1732 1398
1863 1
1356 117
1474 1420
116 1467
1930 392
399 1091
1686 1733
1279 1400
1786 334
106 405
570 410
1351 993
1119 1215
1359 1448
1536 350
1473 853
1204 1544
735 1285
1302 936
1383 127
1263 19
1877 1445
777 996
874 266
1255 1765
416 430
1701 1196
336 78
1412 139
1037 1855
800 1851
795 552
1296 1203
507 536
285 1403
471 1010
1871 1977
536 663
1800 1612
705 1366
1065 1410
1755 911
1201 120
1480 1478
1839 143
1295 1787
1344 1376
382 882
900 1737
260 1399
253 1469
1657 1503
955 1053
1177 1485
1940 1766
107 794
1998 883
1478 1953
413 1205
1323 1437
829 75
391 365
1036 1579
1762 1477
578 1981
486 592
101 1256
1947 1178
1855 208
1621 748
1322 1250
1439 1967
830 1908
1643 807
133 244
447 762
192 373
341 283
1978 860
718 1272
583 642
1610 1582
1318 824
729 1300
699 1882
930 1557
1634 511
779 83
264 1530
73 1222
1423 333
59 290
1688 173
1086 739
726 1317
1461 1952
1113 77
443 617
1874 420
488 1518
1400 468
903 866
1462 1676
1470 105
672 149
1781 1313
1728 590
746 1699
1069 1860
627 1391
1495 484
656 1364
1238 1656
865 1042
131 1844
281 1514
1547 1842
1179 1262
1194 1979
263 672
1049 1041
1713 163
1191 135
1393 1849
1875 714
445 7
1453 1458
663 60
1673 1157
943 1153
994 1280
1334 255
1541 1439
39 595
1816 1003
197 878
1882 1126
33 1307
1551 537
409 11
636 861
329 1805
698 1292
1203 1802
1330 1817
351 1260
588 1562
1189 1621
422 294
162 1517
188 34
1337 407
512 1411
1374 963
724 1739
483 1912
644 1655
1182 1011
765 1233
873 1243
1319 263
1198 1370
296 1075
1114 68
557 166
1121 763
721 319
799 533
401 1903
760 469
134 87
1293 689
1205 910
1316 307
85 852
271 826
76 1275
135 1561
158 298
1192 443
1242 1995
781 370
613 718
1814 1884
582 1874
614 669
1491 868
970 231
962 74
213 928
742 1590
1549 1524
544 371
1244 1024
1847 905
517 228
1260 1413
1961 1330
313 1365
810 723
462 1681
1416 1826
1363 357
770 1402
1696 1961
596 1509
579 151
853 1593
866 309
1560 441
804 1484
1681 1976
237 787
1151 876
492 56
420 393
454 679
1071 1241
1010 1822
1341 649
48 931
50 492
444 1487
944 1534
1559 1389
1256 61
1376 1560
1706 1434
966 251
1100 1675
1642 462
911 33
773 1827
1183 1538
1526 53
1518 1180
1837 212
184 514
587 932
1545 1418
1338 1810
606 580
522 329
968 1034
704 278
1778 1282
318 567
1415 450
289 1068
495 1361
1022 500
1881 1775
1722 24
1370 544
479 1567
265 1154
820 1502
60 1190
1140 838
71 1031
897 918
13 632
766 1496
373 732
1068 856
960 1085
1147 1127
847 1742
1217 1878
1382 765
813 881
209 1175
273 1471
1918 273
191 833
888 907
1984 959
363 98
675 645
1693 55
509 1626
262 268
772 424
312 1616
335 1072
1533 1220
216 601
1948 356
1508 1759
112 328
1484 106
215 1596
160 413
428 1438
1674 243
1328 272
1695 204
1670 282
1397 1558
1082 1156
940 1408
232 1114
277 293
1592 1935
91 1641
659 909
1380 970
1888 1451
1197 1305
650 1533
1550 1683
1626 1949
1346 1170
1075 1877
1750 503
1531 1749
426 384
1908 1214
1281 1134
1787 1715
941 202
881 1836
732 186
1444 458
1148 1259
990 1630
331 1084
1959 1311
1072 674
354 954
714 85
969 1581
584 1506
295 447
1619 1515
1802 1752
1141 1249
967 994
1506 572
620 587
1791 66
925 421
1023 1163
322 1992
887 1858
864 1818
559 70
533 1895
893 1133
102 1310
1797 79
1118 220
1144 1868
996 1711
442 1914
1990 1848
498 560
1312 256
314 1762
1632 1652
515 1845
501 687
117 1572
297 1293
1267 348
1514 1782
1352 1442
1935 1907
855 597
386 1065
824 1297
551 820
1809 1023
752 1941
429 1535
1824 205
839 1098
1600 1712
360 1290
826 13
1052 922
168 237
1615 1092
1551 1788
1131 661
1123 148
1749 1867
577 112
1403 395
1502 1441
1748 132
1332 1636
1359 1696
1857 1628
1355 1969
629 1449
146 491
1525 1541
1002 962
542 1527
129 749
933 919
397 1465
1258 285
609 1431
348 1693
1021 1629
676 320
187 161
69 1768
499 1086
98 646
978 758
1966 331
419 1060
1783 902
701 1735
10 840
1289 915
988 489
111 1158
1900 622
1556 92
780 685
1820 1155
1129 280
228 1603
92 1447
378 633
922 58
224 1873
1220 1746
1988 1216
1535 1832
1894 1268
1469 708
62 1136
103 1181
846 949
357 1916
1663 523
1305 1386
1920 1173
1309 598
541 362
1169 1921
1991 1048
472 1819
738 1475
497 1946
1528 1276
1311 1913
809 727
1854 800
1902 665
1152 1645
565 1106
526 566
1830 1069
700 1954
1042 700
120 1425
708 972
959 1639
73 1287
868 1714
1162 1962
1733 1144
1685 945
231 822
124 29
693 913
478 1888
245 966
5 657
1985 1416
1101 379
504 1795
411 1474
1775 844
352 510
1180 1137
712 1522
1844 1327
1612 1074
1314 1096
1171 1691
1946 51
1145 982
1056 1601
1574 974
359 1902
1812 306
908 1322
326 1934
1488 459
38 1607
1216 1483
1091 1456
520 1332
1645 1885
1703 71
464 973
524 1929
408 1277
1233 941
1996 1125
1641 634
1326 1863
4 1193
601 1270
516 1492
1207 1007
1240 1785
1522 1911
1132 1283
842 194
77 193
816 377
252 1315
1648 385
1725 1071
1691 1299
1853 1303
1300 1369
1418 1109
1924 31
1094 1353
621 1743
308 684
787 1248
1511 1918
575 1990
1715 1197
383 1857
164 1736
144 532
1601 482
771 938
1232 1247
1020 80
958 439
364 1875
1252 99
1277 1414
1817 1491
929 1928
493 174
1454 1217
529 1301
474 1001
654 1591
1335 1638
96 226
355 1834
1968 809
412 1658
1938 1751
848 183
1571 1939
948 652
1345 989
939 699
154 1687
1427 1328
1404 594
965 1633
1759 549
845 1489
1842 981
36 90
1482 1345
1262 528
175 1000
29 1846
1017 1378
1956 631
387 1286
57 884
47 886
384 1267
1155 976
15 1803
1138 1182
761 769
928 295
729 790
971 1671
132 923
921 1609
853 1897
1344 1955
750 835
86 1727
1942 496
548 197
1206 1531
56 1881
1848 898
1932 602
20 1429
769 1587
957 91
78 8
305 640
927 1606
1125 1263
1742 1466
434 704
600 656
1468 504
452 992
349 223
1107 485
1866 600
1567 1747
1048 639
290 1748
344 1971
937 1140
895 555
871 612
1899 530
190 262
650 210
369 326
677 1379
44 1600
470 1776
258 1039
1610 916
626 841
537 1021
432 1242
1407 1566
571 1099
1215 832
585 1872
1406 1623
802 958
74 465
390 847
1565 1476
556 423
27 695
923 1388
612 1740
907 526
1520 671
1714 1184
88 521
877 1224
522 554
1916 1637
156 1647
1943 1415
1009 1784
1150 1206
727 1047
1284 466
1248 519
1329 81
703 14
1448 1900
1573 1513
1921 1122
137 1318
1666 1339
1967 1177
605 1119
1097 776
238 1284
1630 440
908 1999
652 1708
1167 1866
932 770
593 397
110 1653
1001 432
58 1199
141 1026
2000 1188
1098 1035
713 1886
221 1717
67 1189
831 987
1836 1789
1366 1390
1253 589
298 1179
694 1384
1350 1602
688 997
321 691
183 1870
1437 1329
377 250
465 854
878 1841
490 1409
276 478
1633 978
1527 314
1115 433
1876 1998
1852 1634
249 1073
696 1238
278 1185
448 817
1463 759
566 1661
861 1352
1620 1702
1738 1828
1799 1804
1660 1667
1885 219
1294 2000
1904 1673
217 463
1339 18
1960 638
1230 100
1585 1138
1986 1595
834 1520
745 1183
346 1462
35 939
1301 464
1195 1460
1752 1279
817 483
299 1375
194 957
1607 804
786 146
1496 788
833 1837
198 1761
1079 1575
1504 341
95 1289
1555 1362
1785 655
234 896
844 276
440 27
55 1374
1691 1869
1438 1009
1591 1198
692 1147
1163 1830
1719 1457
977 206
1250 1915
1644 720
752 837
1054 647
1851 1130
1004 696
1625 366
1710 1423
81 1850
863 946
598 1769
1670 1381
1018 1325
1408 1640
1521 153
491 1367
1181 123
1251 738
953 412
1090 1482
423 920
1411 990
468 614
1350 1150
1938 1298
1235 388
821 1335
6 1791
394 1725
195 682
946 297
1199 1624
1625 1945
1616 1354
169 1257
695 716
586 1991
45 1729
1699 402
114 650
775 1838
1622 1783
683 1716
100 577
1044 1202
269 897
1922 1212
697 1210
1540 114
1764 1014
22 1261
610 1392
1336 26
1872 628
973 666
270 417
105 1055
749 784
1442 475
304 1079
437 505
657 952
283 327
286 1839
1409 1028
563 1211
951 234
267 643
1856 378
18 872
870 1951
66 1131
669 195
82 471
159 1343
867 1703
1987 1659
337 63
660 82
754 1741
1575 1373
1972 367
995 360
1461 1273
167 1433
1028 200
1498 188
84 1440
1308 16
790 380
1348 726
1594 1266
992 660
1808 690
1291 569
1897 1938
1173 795
828 960
25 1686
1966 116
1270 152
451 955
706 693
1729 1974
389 1356
1055 339
344 757
901 686
982 1812
543 1688
1543 608
1712 1296
1838 583
655 1022
1989 1089
812 1430
1334 131
1638 772
731 951
1617 1997
1389 241
798 134
719 1052
819 1649
1127 1763
633 1665
635 753
484 1859
748 1067
1276 1264
1979 108
1898 1498
1760 694
1122 862
1157 1432
353 644
469 1779
99 449
1711 539
1498 1937
393 1705
1578 1334
150 1816
1077 1308
311 743
553 1128
1583 568
331 508
1432 347
1743 155
1320 670
1425 1556
1304 76
1384 998
964 1258
1953 1338
898 1049
603 254
1089 1799
1153 1419
24 1793
963 1494
788 1936
1562 1550
991 1108
1102 1891
70 28
1704 1707
854 481
967 1046
40 137
503 472
687 1090
1264 1824
801 248
956 1070
240 156
1810 1986
254 518
1446 1121
1503 1112
1117 968
94 810
531 480
1773 1200
243 819
23 1722
574 349
1015 713
642 1904
1687 733
1083 287
1019 1738
910 802
974 1470
567 548
733 1523
852 164
1671 791
1039 779
1372 773
310 1940
1208 490
1951 557
1858 1082
616 538
1926 1368
1410 40
564 1674
920 709
849 1757
43 73
1963 1004
891 731
1505 1704
875 185
1249 1825
670 338
730 1651
1756 1253
1528 1721
1765 1947
1667 1450
1362 1589
1997 305
209 1062
100 43
1821 1146
1892 596
617 745
502 742
1225 1005
1834 242
1950 1139
884 1744
1939 1892
1395 264
997 895
814 964
623 96
640 995
685 1617
1746 524
1803 1726
649 1643
347 1081
994 1731
599 1890
1016 1930
980 1161
1257 1033
1059 507
1593 1171
707 1660
1981 1135
1595 1186
463 529
1343 1481
414 1044
1581 451
539 818
1532 703
1200 1957
741 525
418 831
1441 921
125 1056
1218 1578
1236 1648
41 95
149 1012
857 1755
1027 428
1087 999
142 1549
690 444
1361 312
126 1002
673 659
983 1505
1604 1854
9 908
1736 30
302 340
850 1107
492 48
789 1718
236 712
1149 1512
1287 1545
403 1559
811 1204
1013 1521
1735 1497
952 406
762 190
715 1167
1347 1924
147 310
365 1894
1146 611
1507 383
711 527
778 834
436 159
1789 793
924 1015
1524 1615
461 857
1763 192
1483 1944
1486 1801
1931 1682
1045 1195
1542 1964
1819 653
1243 796
1770 1510
1479 942
1694 103
1093 1105
445 21
334 858
210 606
1850 1025
580 488
577 1670
1424 1852
407 1525
68 1383
1388 816
1672 216
1349 1321
438 434
906 52
1980 1151
547 1227
1429 336
1221 260
926 296
367 1187
130 345
1340 238
1485 1988
1360 1401
1224 404
1652 812
1188 196
803 1226
1891 1996
119 1480
1343 1164
1686 1207
1798 516
1629 535
1172 1294
233 1798
919 1806
631 1893
608 664
572 4
1692 925
1084 460
860 1917
1709 1036
1159 381
1826 133
1136 232
1128 901
1110 688
261 879
1864 1654
1067 513
568 985
1656 1169
679 1143
1919 707
1286 214
1640 637
64 888
1007 906
368 547
1859 1306
682 673
796 118
1246 904
784 236
1721 585
1210 171
1910 1734
1365 764
1268 874
1171 1610
1160 1394
782 517
308 1985
315 1192
371 346
678 1821
1558 1006
176 409
591 1862
530 431
2000
101 102 1
157 206 151
93 173 80
165 163 2
207 221 88
90 67 115
206 201 205
45 113 120
115 48 103
160 85 109
195 56 201
30 153 147
77 156 107
87 143 140
126 145 103
153 125 74
149 135 88
188 182 46
201 127 262
180 102 182
101 103 130
64 113 119
146 207 349
73 103 90
115 118 151
4 82 86
103 160 109
79 211 270
51 137 86
65 185 142
122 147 117
283 137 154
42 38 74
200 148 222
230 141 167
79 68 81
268 104 236
42 67 109
112 187 143
42 32 68
61 65 100
5 173 178
128 108 146
103 117 30
107 6 111
65 113 56
82 20 62
89 137 48
36 86 88
67 75 142
50 169 201
74 140 148
49 140 145
67 27 46
112 144 122
75 101 76
187 149 242
277 174 199
106 110 76
177 39 138
84 111 195
102 79 117
292 311 173
99 119 88
159 131 82
306 149 217
61 202 223
122 120 234
148 108 84
155 32 139
112 114 16
112 53 59
109 115 158
185 187 2
128 95 147
20 140 128
170 213 123
180 90 148
62 120 80
221 123 162
155 203 176
139 206 183
73 59 58
97 179 156
135 181 66
112 69 89
144 95 69
155 73 224
85 83 2
227 124 181
138 155 147
70 94 108
211 120 161
184 154 30
61 115 120
235 92 199
183 131 52
123 51 172
88 173 109
148 109 215
109 132 71
144 151 113
170 120 166
110 91 135
43 169 176
112 173 211
19 153 172
207 47 242
231 118 151
275 31 302
61 117 128
108 47 87
179 50 205
19 54 73
223 97 224
155 291 140
32 73 85
45 103 108
35 183 218
70 88 18
120 48 160
15 138 153
76 130 86
97 112 131
126 170 150
99 90 105
127 235 144
255 124 271
128 31 153
93 107 16
120 91 115
246 212 44
146 219 111
186 93 93
132 3 135
93 125 106
142 117 65
35 73 98
59 7 64
129 199 184
187 121 162
211 158 105
27 65 92
91 100 141
162 51 169
144 151 55
63 188 163
133 97 36
179 94 135
43 223 180
80 66 120
95 108 123
120 116 4
98 85 117
83 209 172
15 103 98
78 146 214
129 138 109
167 136 35
164 45 147
177 138 213
96 107 123
182 175 15
158 119 213
184 219 131
77 129 74
46 42 42
62 95 145
38 95 119
189 202 175
145 62 141
122 159 273
224 147 155
7 131 124
70 49 119
54 120 94
112 184 72
165 171 86
164 36 192
137 86 149
225 215 98
240 199 139
0 31 31
300 283 63
138 102 124
128 86 172
141 163 154
56 62 48
168 40 166
194 191 109
127 50 77
300 148 238
79 117 56
41 129 170
82 103 111
141 109 46
121 104 91
115 95 54
64 46 84
165 185 112
186 123 113
93 43 60
228 161 75
21 35 56
201 92 109
52 41 67
202 197 129
136 85 141
157 166 117
120 99 57
175 96 79
159 138 145
120 86 206
64 131 77
65 62 127
104 95 95
120 113 75
69 76 75
202 210 160
215 158 57
249 40 209
151 142 89
93 75 102
84 184 128
88 149 61
123 102 69
122 69 91
184 99 203
200 176 34
76 85 95
150 268 300
108 209 229
27 225 202
108 123 101
147 162 115
84 31 65
86 215 227
79 38 117
69 144 77
42 107 149
105 135 128
188 228 136
85 94 35
89 160 237
125 231 230
285 59 288
70 126 118
143 92 67
139 145 6
135 101 68
61 46 23
146 186 186
56 197 253
301 270 31
80 104 116
190 139 247
202 282 156
78 111 163
91 51 88
77 26 103
85 86 83
64 186 130
168 190 90
193 144 135
90 145 181
43 84 107
124 125 81
170 78 104
212 204 72
162 86 138
182 171 115
128 129 73
80 20 100
143 150 107
120 94 144
103 97 40
131 221 162
41 82 115
211 240 115
57 148 141
125 94 135
113 108 95
85 187 110
123 182 229
260 248 182
131 55 120
152 118 170
132 26 150
136 44 180
69 94 25
225 170 317
102 190 226
133 19 114
79 85 72
51 104 125
243 133 276
115 136 177
230 156 172
15 91 106
17 43 60
51 92 87
63 63 56
95 85 140
97 194 135
56 140 118
178 110 234
120 145 169
56 7 63
269 158 129
191 239 152
153 16 137
124 30 94
80 104 118
93 166 157
30 161 149
181 230 89
56 187 211
141 109 144
209 203 86
172 205 149
128 155 49
117 137 98
70 156 86
90 100 14
173 200 163
16 53 43
83 77 90
143 147 4
13 54 67
164 134 258
158 76 148
211 95 126
40 75 115
140 160 134
62 9 53
63 146 119
156 177 179
92 188 114
92 138 150
68 72 12
128 56 114
107 124 223
54 214 160
126 67 65
33 120 153
60 135 127
150 120 70
46 12 38
98 146 88
74 46 106
76 146 138
69 127 104
66 39 59
199 56 143
21 190 173
200 170 44
206 185 21
161 241 100
199 136 333
76 118 42
129 87 44
155 124 33
284 291 87
128 2 126
170 167 77
57 200 143
78 95 17
32 38 64
225 192 111
37 280 317
120 21 141
167 121 46
135 85 116
98 282 196
121 99 106
120 88 204
156 31 125
45 248 211
101 69 158
70 10 80
175 134 105
310 92 220
155 155 154
81 24 69
102 125 37
140 153 13
142 97 205
221 168 153
213 243 30
52 37 63
171 84 153
200 115 165
121 274 179
133 167 226
101 53 150
94 133 45
164 122 186
203 64 189
207 139 90
203 127 232
200 135 155
154 167 13
145 164 147
75 65 58
141 165 150
34 229 195
174 294 170
116 143 27
156 6 162
45 63 100
219 183 96
158 72 168
128 102 104
119 205 244
192 31 161
126 44 82
143 194 91
85 73 134
247 177 166
111 167 224
163 137 198
48 91 139
257 145 144
170 99 71
199 141 60
129 191 192
189 144 69
97 78 175
106 166 98
110 164 94
83 99 34
155 1 154
266 271 73
98 121 189
84 90 6
176 100 112
74 104 32
104 126 66
193 190 151
227 96 169
158 183 111
34 154 162
21 89 84
128 100 70
112 96 120
111 231 160
158 163 37
150 207 235
140 82 70
93 50 123
97 120 141
149 120 29
73 82 79
136 201 153
67 85 78
109 136 87
45 85 120
97 141 46
198 105 243
149 57 170
90 104 66
95 95 100
79 118 127
115 71 106
80 78 78
175 148 45
111 64 111
187 30 201
66 98 32
150 114 118
73 144 161
144 147 11
144 175 159
105 79 26
169 183 108
148 133 135
257 30 227
184 314 290
78 90 34
102 52 122
209 48 235
90 170 80
83 227 212
51 64 23
183 156 173
76 85 13
241 314 173
68 128 64
74 186 164
75 141 162
184 99 145
13 64 51
32 73 53
48 48 92
52 102 50
87 131 152
2 146 144
21 40 51
235 223 12
157 71 150
73 71 24
119 15 134
119 47 138
209 290 97
77 92 119
172 152 86
108 105 109
91 70 93
71 90 87
259 151 194
67 189 174
160 166 6
225 142 145
79 77 40
172 157 15
39 103 112
76 54 32
216 56 160
209 226 151
224 20 204
156 176 170
114 100 172
258 103 185
189 231 196
62 104 144
54 74 66
102 75 85
124 63 187
275 153 130
93 85 170
202 258 68
154 124 170
158 206 318
204 166 114
278 68 234
119 105 100
216 167 75
117 97 36
138 181 179
235 182 113
259 226 107
204 125 117
87 56 83
132 65 67
162 175 209
174 161 235
179 295 182
159 63 96
119 38 135
143 142 121
246 51 207
191 13 178
176 163 189
97 74 71
72 120 192
119 137 164
122 179 205
181 158 115
132 146 98
75 75 120
148 161 25
61 140 111
43 218 175
91 147 174
138 127 133
95 65 158
104 205 129
284 198 302
257 153 108
223 186 125
54 101 55
70 152 106
76 64 52
116 102 52
220 313 263
81 82 157
203 101 138
86 162 150
168 163 169
94 4 98
153 68 197
68 99 93
121 126 79
158 111 47
201 217 68
40 55 51
53 63 78
110 215 219
87 127 40
199 171 66
92 92 36
189 276 207
92 60 76
103 47 56
173 158 135
65 40 77
105 278 177
147 164 179
56 180 236
66 48 114
28 119 91
99 46 69
216 74 190
259 119 198
45 105 138
131 19 112
92 121 189
219 271 118
133 83 216
109 69 120
66 121 133
32 64 68
231 143 98
184 265 227
116 242 126
18 34 16
70 86 102
132 187 97
234 106 182
147 15 162
104 48 82
41 194 231
129 132 79
76 46 64
254 215 117
54 109 109
101 63 106
82 123 103
181 271 130
203 202 95
201 35 182
219 210 285
106 99 101
131 91 74
85 69 146
97 65 118
99 132 229
92 163 145
22 18 18
104 60 136
105 75 68
136 136 106
51 74 115
118 114 60
28 107 123
84 178 262
149 138 87
171 139 234
53 91 62
123 80 75
137 84 99
130 110 70
76 168 182
287 110 231
44 138 116
73 112 161
31 108 131
132 56 114
111 140 149
68 21 59
212 153 83
167 179 66
151 67 84
129 142 93
91 148 89
75 116 75
67 42 107
297 121 230
96 144 76
111 192 81
8 286 294
183 297 178
95 219 124
125 109 136
225 110 139
162 218 90
246 147 241
80 74 120
179 153 210
142 197 205
96 114 80
37 220 183
112 84 94
112 36 120
102 74 114
213 124 161
189 158 213
98 123 83
110 59 61
41 36 7
235 140 241
143 71 72
117 144 135
94 152 90
57 167 174
230 82 148
89 110 21
167 149 168
92 62 36
39 118 111
128 72 166
105 69 62
93 133 46
126 131 121
35 103 126
104 258 202
146 92 190
197 64 249
153 229 92
86 131 137
80 142 168
19 159 178
73 93 52
308 179 227
177 95 166
193 135 58
70 77 67
193 164 107
121 104 67
238 180 126
43 115 80
49 85 90
54 45 85
92 41 125
90 91 65
11 107 110
90 187 229
48 166 184
37 170 207
188 158 142
47 63 58
174 179 101
189 125 156
54 80 26
106 173 185
111 129 132
74 116 74
76 146 70
119 58 169
97 72 65
106 70 86
69 108 117
92 58 46
56 43 79
21 107 128
141 177 52
173 152 73
150 103 155
195 79 116
223 142 125
85 91 168
249 276 27
132 199 141
59 66 13
189 127 176
178 101 111
125 208 231
86 236 260
172 149 131
169 256 129
36 169 157
56 53 45
39 106 75
31 85 92
105 186 143
121 128 83
44 149 121
208 125 83
88 106 102
198 198 146
150 91 165
153 146 245
141 200 165
71 62 103
194 131 63
118 153 41
63 69 66
51 43 48
176 107 147
81 55 32
282 122 190
125 196 177
96 128 84
111 119 172
151 97 130
80 50 46
192 258 266
119 141 102
60 133 107
32 1 33
7 30 37
172 74 136
126 102 72
80 83 3
18 142 160
133 171 180
58 149 141
70 41 101
85 88 105
201 187 156
84 103 43
122 162 118
143 118 25
59 15 74
137 171 140
83 75 34
106 89 187
63 133 134
147 134 13
171 221 56
123 167 98
113 120 151
238 180 160
85 16 85
70 141 193
82 93 107
42 11 49
166 148 64
40 67 103
193 139 164
94 130 132
144 233 91
69 194 131
10 125 135
243 201 158
156 133 31
78 98 176
268 171 295
128 77 51
211 158 87
148 123 109
133 157 24
97 199 102
56 154 148
44 48 4
105 44 73
89 81 92
224 99 131
47 66 67
85 80 97
121 112 131
49 235 284
135 105 164
129 60 69
165 269 186
156 114 164
85 186 111
278 256 22
132 26 106
37 92 101
210 157 53
37 92 129
117 132 15
117 140 87
108 149 111
164 73 225
109 147 62
158 76 168
77 202 183
31 232 219
147 29 118
236 306 126
142 136 146
108 96 12
109 103 152
95 121 26
158 5 153
28 117 145
276 220 118
181 202 247
89 58 79
108 130 38
90 73 125
144 202 228
38 76 98
147 113 198
98 104 106
64 189 201
116 18 98
149 118 51
105 153 170
53 60 7
103 170 123
145 233 130
126 76 156
87 106 131
81 53 28
112 150 38
50 111 141
100 69 149
98 61 119
180 175 77
78 96 92
45 61 70
258 203 147
253 231 200
85 90 23
166 325 233
137 58 103
159 157 2
62 38 92
98 51 149
182 224 48
173 217 130
102 126 136
143 96 135
65 164 163
166 114 210
28 32 54
247 204 203
177 17 160
83 81 108
32 109 77
104 291 275
152 66 136
123 114 81
186 137 49
136 144 154
177 226 169
136 79 209
21 150 129
263 204 225
137 97 40
262 192 136
38 184 146
37 94 57
21 153 144
295 66 229
87 88 115
95 113 26
118 156 74
36 116 96
205 199 78
56 146 114
140 2 138
159 139 242
105 117 112
160 127 255
93 124 89
79 102 129
236 168 148
89 52 45
29 55 84
191 292 109
178 130 110
146 115 137
129 107 116
121 158 37
71 183 222
137 177 96
140 70 130
71 152 159
225 51 186
79 115 112
78 102 68
142 191 175
242 241 79
126 136 70
47 45 2
118 91 101
7 141 134
191 116 175
137 103 110
113 78 95
129 209 146
70 56 48
112 105 37
167 115 92
98 47 139
59 76 57
171 165 78
114 139 119
98 139 99
252 208 44
104 68 114
96 2 96
128 52 96
126 117 147
146 170 178
218 293 177
85 122 167
157 120 111
142 113 93
214 150 64
206 278 114
123 23 146
211 160 117
168 35 193
115 124 129
96 131 75
155 29 136
140 53 177
200 34 170
48 187 157
71 251 180
112 65 141
97 168 71
132 86 46
104 112 46
198 55 225
126 148 108
150 132 204
218 239 71
169 273 130
217 31 242
117 159 52
180 160 156
100 146 124
189 78 117
142 127 151
285 155 218
127 41 86
154 191 195
78 23 77
159 138 21
122 131 83
71 149 108
128 75 191
103 171 80
134 123 29
251 153 130
305 65 264
167 114 157
154 149 163
30 158 144
117 216 197
205 125 80
246 137 215
175 121 104
130 99 65
113 10 119
73 0 73
23 169 192
209 151 126
211 105 250
125 59 104
159 45 132
107 153 156
46 216 198
39 278 239
69 132 109
135 177 44
156 22 134
54 72 68
173 73 100
31 156 125
154 143 75
80 107 111
43 154 111
24 147 123
168 61 143
140 165 143
75 63 86
59 265 254
121 127 168
4 141 137
152 119 143
152 166 182
178 46 154
126 48 166
106 2 108
108 294 258
255 157 136
19 89 80
247 243 122
89 228 259
124 35 111
255 299 136
67 80 147
168 146 60
116 19 97
5 116 111
106 71 111
85 77 126
173 247 208
81 192 155
146 124 166
129 138 101
99 60 81
70 119 81
119 231 152
151 47 130
57 31 26
168 59 177
296 266 62
113 153 76
136 163 149
253 139 176
259 232 39
134 140 122
217 259 116
81 140 99
78 101 95
163 118 173
227 137 130
176 185 133
71 21 76
293 272 121
77 67 54
150 229 145
213 12 201
122 63 119
213 211 66
115 194 257
27 234 207
146 172 176
166 143 219
123 74 105
120 196 286
140 149 161
153 116 125
148 200 198
190 143 103
181 103 82
151 75 162
121 128 53
70 67 137
63 70 79
124 147 133
154 85 105
186 126 104
178 133 89
117 171 140
191 99 166
141 150 75
113 139 26
288 142 236
51 39 58
125 108 59
76 87 11
188 199 87
174 86 208
212 84 144
241 179 62
157 129 126
197 187 72
134 148 80
103 83 48
1 120 121
159 143 144
116 67 137
162 40 160
33 121 108
86 79 55
195 125 138
79 42 85
253 154 311
274 122 202
171 113 68
134 79 67
99 265 194
159 147 84
130 66 64
91 177 162
80 69 149
52 147 165
166 44 182
24 68 82
174 118 130
153 176 33
45 77 42
176 211 117
77 149 90
52 45 61
198 99 193
121 141 240
113 51 126
189 207 18
79 107 110
54 145 91
114 78 120
150 139 21
58 189 199
101 119 130
126 20 146
56 57 15
123 54 115
55 58 113
93 113 66
119 101 70
174 173 233
141 120 123
119 132 77
80 124 48
74 154 112
223 148 183
122 79 193
36 77 59
120 109 15
78 107 63
108 99 9
88 63 47
90 72 148
58 147 147
129 129 102
164 253 109
177 54 123
215 24 229
82 142 164
76 122 126
250 19 231
47 180 215
27 171 188
117 141 178
187 118 169
201 63 244
87 78 51
122 102 150
26 104 78
190 80 142
26 118 144
76 73 3
93 110 147
73 173 172
209 152 73
149 111 160
140 175 119
237 48 213
128 229 205
10 11 17
158 170 106
159 96 105
125 70 83
183 272 269
113 207 104
133 66 141
146 115 185
87 110 123
111 216 137
110 101 211
277 244 43
157 174 249
155 49 106
67 118 89
44 104 60
152 134 138
46 79 51
160 214 54
290 205 213
25 119 112
109 83 168
116 171 123
102 169 153
55 138 83
189 190 73
139 166 137
156 192 136
13 50 45
103 73 176
110 136 26
125 95 168
103 102 103
55 85 46
180 217 53
42 147 153
56 79 107
8 88 80
208 117 91
74 90 128
179 169 118
237 285 130
231 89 252
248 236 32
283 165 260
226 256 68
129 53 120
33 251 282
216 76 188
106 128 66
62 76 90
178 57 235
61 103 52
126 140 238
138 131 133
39 134 95
202 277 115
64 220 232
92 145 161
154 136 54
185 40 153
124 92 216
112 117 75
207 209 102
216 230 154
91 186 149
208 156 52
277 216 155
20 177 193
119 229 182
40 83 61
256 278 178
30 170 140
92 109 201
188 309 139
107 160 113
107 214 191
89 231 152
61 146 117
89 61 80
223 3 226
55 69 82
73 83 10
123 199 254
77 79 98
84 41 49
4 8 12
63 133 156
174 22 156
139 160 29
52 55 11
128 188 88
214 152 204
137 221 160
191 188 91
118 129 27
30 36 62
6 77 83
135 101 116
173 132 133
65 138 167
0 157 157
98 136 70
192 108 140
63 90 27
100 3 101
88 183 117
57 66 73
84 159 85
97 107 118
120 111 79
263 154 139
90 181 173
134 32 166
254 90 174
152 12 164
130 143 93
127 121 36
26 72 70
130 9 131
86 135 147
104 110 134
93 194 189
103 51 58
172 179 67
61 60 121
35 6 41
10 63 59
94 172 82
193 213 20
185 156 143
147 183 188
151 136 51
86 62 26
101 94 55
126 179 97
119 189 152
243 214 207
76 100 36
161 132 209
107 139 146
83 83 144
210 190 230
80 91 95
63 133 158
279 248 41
209 161 120
86 115 91
107 164 57
81 85 98
24 115 99
61 67 126
145 129 78
102 106 162
70 69 11
192 168 204
67 72 65
216 187 255
178 217 53
94 161 169
19 23 12
275 135 140
216 132 150
92 110 196
138 105 63
102 171 107
179 196 157
112 151 145
142 158 124
159 21 158
21 73 58
203 249 64
103 116 39
192 234 108
122 126 224
74 165 165
242 173 171
86 57 97
51 152 115
136 85 117
115 254 169
111 78 103
94 199 173
85 23 108
62 64 106
147 104 59
47 71 82
124 130 6
123 81 46
110 98 16
158 164 100
155 157 180
279 105 174
153 232 281
136 164 84
96 78 132
71 159 108
143 215 72
158 78 80
105 70 97
168 145 135
96 48 50
124 151 129
70 75 5
120 91 29
262 199 111
70 75 91
85 41 126
140 83 117
187 79 260
215 71 152
119 150 149
163 136 137
133 151 52
159 168 255
22 193 205
114 146 122
176 72 152
141 196 257
189 160 121
166 181 107
90 147 123
54 131 177
249 277 186
145 93 52
165 204 117
109 297 258
84 101 129
118 133 215
145 187 192
84 120 44
218 290 84
34 144 110
154 112 176
64 94 100
209 56 153
107 136 129
135 196 101
86 39 107
102 68 98
55 241 224
214 65 165
85 176 109
69 87 128
75 124 95
126 78 48
82 22 60
149 176 31
196 142 56
96 43 83
75 58 47
84 155 239
180 175 107
146 112 72
74 46 110
114 212 244
78 63 137
138 31 111
119 121 186
144 139 125
146 158 154
165 80 191
158 231 173
82 117 85
171 0 171
179 120 151
65 46 49
180 136 106
78 49 91
186 120 188
115 148 87
138 233 307
159 131 228
121 163 54
213 95 182
185 157 116
98 8 100
165 163 90
104 129 65
201 239 188
58 15 67
55 98 131
149 141 8
164 114 144
138 20 118
91 190 125
69 77 110
111 149 198
13 184 171
51 175 226
216 195 113
109 171 124
39 65 36
66 90 132
56 83 57
124 118 104
128 113 91
54 117 171
204 209 99
90 60 46
31 24 55
47 97 106
55 167 120
131 92 95
148 102 46
255 269 82
124 254 158
102 129 179
136 71 65
74 71 79
203 183 20
203 175 28
142 94 154
55 76 51
172 49 131
93 127 112
84 91 9
105 127 72
206 144 170
118 71 129
113 97 24
230 184 284
148 91 65
47 52 89
156 73 83
152 170 90
76 85 17
226 134 152
20 40 32
52 117 65
67 19 82
134 100 66
127 208 147
209 131 114
99 67 162
75 76 61
54 157 119
62 114 94
159 116 65
90 117 33
55 24 79
147 150 143
78 141 109
280 224 126
188 104 176
68 41 89
86 80 110
149 156 201
143 38 105
160 20 140
114 205 255
225 114 245
190 87 155
158 80 124
229 115 138
204 183 57
203 289 86
175 176 273
94 178 174
1 137 136
173 203 276
81 83 90
92 145 199
75 97 116
153 118 157
164 199 77
46 75 105
53 234 253
258 219 75
80 110 120
99 85 38
171 141 210
108 135 89
225 126 111
75 199 132
74 218 202
148 52 178
196 123 213
133 93 82
73 160 97
34 168 148
254 239 187
216 77 211
53 190 137
86 136 106
28 41 19
133 198 243
172 105 187
211 251 138
105 167 168
93 115 162
164 146 222
100 114 56
70 47 33
153 62 127
238 214 34
120 163 57
84 94 124
187 253 142
75 98 123
89 155 124
95 68 163
113 138 115
115 275 298
181 203 100
33 113 104
80 120 110
192 120 126
109 118 109
106 146 166
81 112 115
109 109 80
127 205 212
119 17 136
176 228 142
130 53 77
122 117 79
60 87 147
118 175 147
67 6 69
109 47 124
132 59 111
232 23 209
179 75 104
165 31 136
106 87 165
121 183 186
84 254 242
99 97 2
64 157 179
54 63 11
127 94 95
60 140 80
39 82 73
222 252 228
164 175 17
109 125 96
119 76 105
230 101 251
118 99 101
215 82 191
334 307 213
203 169 106
173 167 26
50 231 193
35 193 158
31 257 288
51 167 134
87 145 104
253 124 129
88 30 58
68 89 85
176 122 128
212 123 211
48 47 31
90 166 198
187 107 166
147 14 133
86 155 141
5 106 101
136 160 170
190 231 87
146 82 188
17 155 144
113 29 84
151 125 246
161 12 159
247 183 186
37 56 67
224 27 251
92 175 173
215 167 54
141 91 168
178 215 165
160 143 101
140 97 125
205 77 178
204 197 83
56 53 49
157 32 129
46 27 47
266 266 124
45 11 56
194 45 213
244 132 248
2 82 84
148 21 139
124 170 54
106 66 68
263 171 100
65 46 29
306 121 261
138 59 149
166 223 65
135 157 60
271 125 226
139 110 147
118 153 75
203 111 250
35 94 61
256 232 140
174 215 89
64 8 72
62 102 50
50 165 215
194 43 189
102 44 88
57 55 102
87 175 94
83 77 100
59 121 68
180 218 224
21 138 117
227 103 136
218 189 167
88 103 119
174 45 135
183 144 123
175 184 9
190 165 85
110 11 121
73 147 158
115 186 197
107 278 225
87 87 174
177 118 89
58 145 189
132 133 139
78 45 53
64 150 186
27 77 86
91 95 48
79 98 79
8 145 137
209 90 251
71 42 83
54 77 79
65 82 127
137 152 15
157 164 119
187 16 173
206 168 82
172 52 126
120 208 114
57 88 105
200 201 145
72 115 187
76 124 94
50 22 60
14 79 73
227 92 209
46 221 187
103 275 172
126 121 227
102 102 100
126 188 174
162 173 233
62 77 105
22 81 81
179 180 1
175 108 67
202 89 209
120 132 138
43 124 93
124 310 222
64 55 81
294 204 246
111 64 107
15 54 39
104 146 216
65 123 126
167 185 18
95 120 121
127 269 202
84 146 92
112 72 40
94 144 128
259 162 161
247 154 173
209 144 191
131 88 113
162 129 67
150 237 151
147 95 216
188 159 61
191 159 58
57 99 156
115 142 249
39 77 78
45 104 101
81 78 55
204 110 166
45 28 17
115 140 93
143 6 137
127 169 142
154 117 185
90 153 183
87 190 103
247 38 225
97 142 133
263 162 117
119 89 80
15 108 123
193 79 228
287 28 259
102 67 103
71 146 75
1 18 19
121 37 146
114 240 204
135 128 73
48 110 144
141 58 169
157 96 137
171 70 137
78 78 80
72 64 80
139 121 64
87 111 114
145 16 161
214 87 209
62 211 273
135 259 144
120 66 134
121 140 181
61 118 161
59 89 118
148 185 51
156 130 104
145 205 148
69 17 78
179 166 13
145 125 146
106 71 87
154 76 204
179 261 82
112 131 27
39 86 125
117 140 89
53 74 95
155 60 101
221 282 167
112 236 136
253 207 102
183 47 142
82 170 152
286 295 49
105 132 133
92 37 95
111 115 4
153 136 161
122 100 126
189 201 118
202 130 86
139 29 132
21 62 47
81 161 90
247 170 77
155 153 28
161 183 132
99 132 109
92 40 68
172 82 158
98 143 45
105 142 83
85 37 96
161 81 242
99 50 133
151 72 167
232 158 74
144 146 2
55 166 145
156 199 51
72 137 65
152 57 175
48 98 134
53 68 117
154 65 145
96 94 82
54 80 38
319 113 270
163 261 166
152 83 111
284 245 51
101 68 57
138 215 229
188 103 85
113 103 20
223 194 147
92 271 179
149 101 48
29 123 150
122 193 127
102 203 253
89 111 42
205 54 259
84 37 121
124 35 157
152 114 128
252 161 185
145 92 59
105 187 212
34 122 136
118 69 101
82 157 233
85 95 180
142 52 172
124 184 64
99 150 147
52 126 94
70 125 95
35 36 9
27 13 40
88 56 82
158 120 134
212 155 281
186 134 132
158 59 161
163 156 19
122 12 110
66 63 37
1 198 197
167 171 294
212 270 150
130 46 84
68 134 126
118 108 46
73 120 75
158 82 234
131 50 117
16 196 180
36 52 24
154 164 84
153 88 225
109 155 140
108 6 114
249 14 263
123 176 131
173 111 94
84 93 35
148 22 126
174 180 160
105 48 57
61 94 83
34 30 8
88 162 128
97 63 50
36 142 106
135 71 86
207 190 85
64 269 327
114 115 75
141 253 168
130 136 6
224 72 170
61 145 84
72 27 83
58 48 18
163 90 165
154 130 38
230 219 115
239 331 186
68 52 18
86 60 26
122 158 142
143 54 197
154 272 118
102 104 2
37 140 109
161 166 205
170 109 245
69 140 169
54 109 55
78 56 128
119 93 78
126 61 65
89 134 139
100 125 149
216 127 93
73 44 89
