10
43 725761
1 2 3 4 5 6 7 8 10 9 11 12 13 15 14 16 17 18 19 20 21 22 23 24 25 26 27 28 29 30 31 32 33 34 35 36 37 38 39 40 41 42 43
37 542860
1 2 3 4 5 6 7 8 9 10 11 12 13 14 15 16 17 18 19 20 21 22 23 24 25 27 26 28 29 30 31 32 33 34 36 35 37
27 793967
2 1 4 3 5 6 7 8 9 10 11 12 13 14 15 16 17 18 19 20 21 22 23 24 26 25 27
45 914651
1 2 3 4 5 6 7 8 9 10 11 12 13 14 15 16 17 18 19 20 21 22 23 24 25 26 27 28 29 30 31 32 33 34 35 39 36 37 38 40 41 42 43 44 45
40 997959
4 1 2 3 5 6 7 8 9 10 11 12 13 14 15 16 17 18 19 20 21 22 23 26 24 25 27 28 29 30 31 33 32 34 35 36 37 38 39 40
30 704934
4 1 2 3 5 6 7 8 9 10 11 12 13 17 14 15 16 18 19 20 21 22 23 24 25 26 27 28 29 30
33 680523
1 2 3 4 5 6 7 8 9 10 11 12 13 14 15 16 17 18 19 20 21 22 23 24 25 27 26 28 29 30 31 32 33
35 725649
2 1 3 4 6 5 7 8 9 10 12 11 13 14 15 16 17 18 20 19 21 22 23 24 25 26 27 28 29 30 31 32 33 34 35
50 856608
1 2 3 5 4 12 6 7 8 9 10 11 13 14 15 16 19 17 18 20 23 21 22 24 25 26 27 28 29 30 31 32 33 35 34 37 36 38 39 40 41 42 43 46 44 45 47 48 49 50
41 923165
1 2 3 4 7 5 6 8 9 11 10 12 13 14 15 16 17 18 19 20 21 22 23 24 25 26 27 28 29 31 30 32 33 34 38 35 36 37 39 40 41
