10
40 535121
3 1 2 4 5 6 7 8 9 11 10 12 13 14 15 16 17 18 19 20 21 22 23 24 25 26 27 28 29 30 31 32 33 34 35 36 37 38 39 40
43 660193
1 2 3 4 5 6 7 8 9 10 11 12 13 14 16 15 19 17 18 20 26 21 22 23 24 25 27 28 29 30 34 31 32 33 35 36 37 38 39 40 41 42 43
38 596459
1 2 4 3 5 6 7 8 9 10 11 12 13 15 14 16 17 18 19 20 21 22 23 24 25 26 27 28 29 30 33 31 32 34 35 36 37 38
34 724845
2 1 3 5 4 6 7 8 9 11 10 12 14 13 15 16 17 19 18 20 21 22 23 24 25 26 27 28 29 30 31 32 33 34
33 557682
1 2 3 4 5 6 7 8 9 10 11 12 13 14 17 15 16 18 19 20 21 22 23 24 25 26 27 29 28 30 31 32 33
44 769174
1 2 3 5 4 6 7 8 9 10 11 12 13 14 15 16 17 18 19 20 21 22 23 24 25 26 27 30 28 29 31 32 33 37 34 35 36 38 39 40 41 42 43 44
45 686679
1 2 3 4 5 6 7 8 9 10 11 12 14 13 15 16 17 19 18 20 21 24 22 23 25 26 27 28 29 30 31 33 32 34 35 36 37 38 39 40 41 45 42 43 44
36 546402
1 3 2 4 5 6 7 9 8 10 11 16 12 13 14 15 17 18 19 20 21 22 23 24 31 25 26 27 28 29 30 32 33 36 34 35
50 890348
1 2 3 4 5 6 7 8 9 10 11 12 13 14 15 16 17 18 19 20 21 22 23 24 25 27 26 28 29 30 31 32 33 34 35 36 37 38 39 40 41 42 43 44 45 47 46 48 50 49
36 748316
1 2 3 4 5 6 7 12 8 9 10 11 13 14 15 16 17 18 19 20 21 22 27 23 24 25 26 28 29 30 31 32 33 34 35 36
