10
33 892596
1 2 6 3 4 5 9 7 8 10 11 12 14 13 15 16 17 18 19 20 21 22 23 24 25 26 27 28 29 32 30 31 33
39 875634
1 2 10 3 4 5 6 7 8 9 11 12 13 14 16 15 17 18 20 19 21 22 23 24 26 25 27 28 29 30 31 32 33 35 34 36 37 38 39
27 856117
1 2 3 4 5 10 6 7 8 9 11 12 13 14 15 16 17 18 20 19 21 24 22 23 25 26 27
25 640516
3 1 2 4 5 6 7 8 9 10 11 12 13 14 18 15 16 17 19 20 21 22 23 24 25
42 620458
1 2 3 4 5 6 8 7 9 11 10 12 13 14 15 16 17 18 20 19 21 22 24 23 25 26 27 28 29 30 31 32 33 34 35 37 36 39 38 40 41 42
31 899067
2 1 3 4 5 6 7 8 9 10 11 12 13 14 15 16 17 18 20 19 21 25 22 23 24 27 26 28 29 30 31
35 560914
1 2 3 4 5 6 7 8 9 10 11 12 15 13 14 16 17 18 19 20 21 22 23 24 25 26 27 28 29 30 31 32 33 34 35
50 776398
1 2 3 4 5 6 7 8 9 10 11 12 13 15 14 16 17 18 19 20 21 22 24 23 25 26 27 28 29 30 32 31 35 33 34 36 37 38 39 40 41 42 43 44 46 45 47 48 49 50
49 744361
1 2 3 4 5 6 7 8 9 10 11 12 13 14 15 16 17 18 19 20 21 22 23 24 31 25 26 27 28 29 30 32 33 34 35 36 37 38 43 39 40 41 42 44 45 46 47 48 49
47 945625
1 2 3 4 5 6 7 8 9 10 12 11 13 14 15 16 19 17 18 20 21 22 25 23 24 29 26 27 28 30 31 32 34 33 35 37 36 38 39 40 41 42 43 44 45 47 46
