1
1108498
9007581
9060
10072910
7902678
5465872
2348662
13947889
784637
2232997
5783896
13141533
6123109
13416828
6494059
972961
9238925
3689111
6274352
5447559
4560944
5875065
7570159
5470933
7546917
4501387
14197031
13432231
7765104
7715252
6989330
11214762
8125941
4595482
2010597
10800509
9750904
8048972
2197919
11760981
8130327
8667693
3998300
7101903
9189181
13094492
3911264
6860832
6964377
13116914
9674365
13743747
12707362
14048338
2962462
4824063
8924822
10474577
8369142
2583634
5194693
5931025
3702991
2902604
10897348
7361508
4630899
6296324
772979
1121356
12631290
7015022
5587834
6652860
1641391
1868984
5936689
13158302
12627638
3632777
13749056
6969609
3978277
10428135
10359362
11518733
3998839
7409324
223566
4042396
11992293
10814635
10864947
12112622
10472
10260451
7724537
4584596
1242568
8899316
9755921
5310647
2479391
5685137
3727603
9354050
8209592
3779353
3279358
6152769
11227098
14110239
6520671
4488363
2890084
502799
5338199
10620496
213627
7435318
12886858
9888109
2304153
4883966
13142599
6931383
357410
886298
3963818
9651755
11347578
902396
5703150
3898892
2398139
7308360
7633307
3791507
1041634
6149916
5061244
9228468
4171815
13070766
3914176
6745730
5542960
13600264
3405393
14165598
12983938
6065701
12356643
12036735
2790248
3635467
546793
10821782
7230008
3798622
12770024
10130809
13749873
8432541
13252184
12763594
2838375
8636758
361282
3729548
1463272
3924846
5066699
9086288
570696
9866767
5650888
12721679
10861403
5487981
11132391
9616662
7876348
6277923
5270345
11357653
13018625
9771288
2093342
2849119
3819467
10631316
5698424
10003538
8546138
651319
13993019
3538950
753821
2599878
12213636
11648686
12424879
12023692
1938809
7096036
4258205
683844
10469993
7707748
4248123
1832089
6653472
6644574
4570006
4118596
10945723
10074157
12767432
7022837
8733986
10869694
14130697
1433498
9170289
9834272
1757151
6728499
10697376
2061553
4481165
1180012
292877
10602918
14140866
3695160
9856765
4275486
81448
12548055
7800399
3505524
1913296
11396394
967643
2426079
4034832
5780016
1419766
13966860
8258950
1578535
12620226
9981943
10626005
12690865
3759158
9170650
8361639
6938178
1945774
5519141
10520750
7040795
9822531
12902490
4296433
2532922
4625208
11047802
14003034
10092302
7152601
1936437
2393738
1236690
7653229
2635759
13213753
11840217
5083873
4615407
2291514
12282551
1701575
11575787
9275278
13321498
1201844
1780089
5724419
2417952
598551
11554858
4897367
1196788
1813162
12409199
8216793
11329432
13758588
7836374
1525740
9006628
8654606
9020111
6261170
12306909
1005926
8342935
8059443
13578891
13486741
6445274
7635752
11353414
4981027
2104125
12223425
8001609
8209841
3963926
11287228
7585740
8840551
11268978
9172725
1986009
9883955
13323876
7031305
10891385
613837
10185067
5295709
11260075
3211979
8318957
9434101
3251248
8608821
8656598
2641193
12003279
5877532
13099174
11770443
1381463
5075975
2165857
8434327
8070165
1557429
10465136
8302599
7772743
10733807
6035395
12421931
494501
13394894
10578578
8805653
2598687
4064096
3127985
10562237
5708395
2217199
7759534
9714554
2094643
1115428
1293473
8836358
2810361
9341438
10023467
6448138
5690113
5103908
7076757
1045931
9364821
3882771
582883
53649
11120331
13232311
9338694
14194821
5497937
10425692
7822296
7512586
644996
1619722
1602348
1019860
3722638
13527009
8033459
3954293
9366475
7849913
2530996
7115658
9618024
2264355
11639514
204800
11781022
840179
3254933
5586283
1905042
1154959
13021820
4357140
7099451
10218631
12082014
9887500
2446779
10270788
12137536
6870934
6637155
6504060
8860262
9762148
12980628
13921518
6287746
7604943
5576600
3771695
2087641
2242162
5965945
12548325
436744
325541
14042956
9858311
7626842
1172413
13544500
2038971
10529432
2899004
9890085
14253429
12186342
13336289
3336135
4996990
9543760
13461781
13575252
4381601
6218363
6897322
1199157
7845380
6200990
9279797
648461
7367310
11803378
10913580
3414774
268283
9376581
12300238
13544726
6704211
4952542
9863899
4253006
3994581
9564802
2091355
6537272
11325722
1694358
7695640
9358092
5481171
3168566
13578546
11637156
9171206
3875080
7648013
12183832
13601136
9015209
13225861
5254972
13225861
9015209
13601136
12183832
7648013
3875080
9171206
11637156
13578546
3168566
5481171
9358092
7695640
1694358
11325722
6537272
2091355
9564802
3994581
4253006
9863899
4952542
6704211
13544726
12300238
9376581
268283
3414774
10913580
11803378
7367310
648461
9279797
6200990
7845380
1199157
6897322
6218363
4381601
13575252
13461781
9543760
4996990
3336135
13336289
12186342
14253429
9890085
2899004
10529432
2038971
13544500
1172413
7626842
9858311
14042956
325541
436744
12548325
5965945
2242162
2087641
3771695
5576600
7604943
6287746
13921518
12980628
9762148
8860262
6504060
6637155
6870934
12137536
10270788
2446779
9887500
12082014
10218631
7099451
4357140
13021820
1154959
1905042
5586283
3254933
840179
11781022
204800
11639514
2264355
9618024
7115658
2530996
7849913
9366475
3954293
8033459
13527009
3722638
1019860
1602348
1619722
644996
7512586
7822296
10425692
5497937
14194821
9338694
13232311
11120331
53649
582883
3882771
9364821
1045931
7076757
5103908
5690113
6448138
10023467
9341438
2810361
8836358
1293473
1115428
2094643
9714554
7759534
2217199
5708395
10562237
3127985
4064096
2598687
8805653
10578578
13394894
494501
12421931
6035395
10733807
7772743
8302599
10465136
1557429
8070165
8434327
2165857
5075975
1381463
11770443
13099174
5877532
12003279
2641193
8656598
8608821
3251248
9434101
8318957
3211979
11260075
5295709
10185067
613837
10891385
7031305
13323876
9883955
1986009
9172725
11268978
8840551
7585740
11287228
3963926
8209841
8001609
12223425
2104125
4981027
11353414
7635752
6445274
13486741
13578891
8059443
8342935
1005926
12306909
6261170
9020111
8654606
9006628
1525740
7836374
13758588
11329432
8216793
12409199
1813162
1196788
4897367
11554858
598551
2417952
5724419
1780089
1201844
13321498
9275278
11575787
1701575
12282551
2291514
4615407
5083873
11840217
13213753
2635759
7653229
1236690
2393738
1936437
7152601
10092302
14003034
11047802
4625208
2532922
4296433
12902490
9822531
7040795
10520750
5519141
1945774
6938178
8361639
9170650
3759158
12690865
10626005
9981943
12620226
1578535
8258950
13966860
1419766
5780016
4034832
2426079
967643
11396394
1913296
3505524
7800399
12548055
81448
4275486
9856765
3695160
14140866
10602918
292877
1180012
4481165
2061553
10697376
6728499
1757151
9834272
9170289
1433498
14130697
10869694
8733986
7022837
12767432
10074157
10945723
4118596
4570006
6644574
6653472
1832089
4248123
7707748
10469993
683844
4258205
7096036
1938809
12023692
12424879
11648686
12213636
2599878
753821
3538950
13993019
651319
8546138
10003538
5698424
10631316
3819467
2849119
2093342
9771288
13018625
11357653
5270345
6277923
7876348
9616662
11132391
5487981
10861403
12721679
5650888
9866767
570696
9086288
5066699
3924846
1463272
3729548
361282
8636758
2838375
12763594
13252184
8432541
13749873
10130809
12770024
3798622
7230008
10821782
546793
3635467
2790248
12036735
12356643
6065701
12983938
14165598
3405393
13600264
5542960
6745730
3914176
13070766
4171815
9228468
5061244
6149916
1041634
3791507
7633307
7308360
2398139
3898892
5703150
902396
11347578
9651755
3963818
886298
357410
6931383
13142599
4883966
2304153
9888109
12886858
7435318
213627
10620496
5338199
502799
2890084
4488363
6520671
14110239
11227098
6152769
3279358
3779353
8209592
9354050
3727603
5685137
2479391
5310647
9755921
8899316
1242568
4584596
7724537
10260451
10472
12112622
10864947
10814635
11992293
4042396
223566
7409324
3998839
11518733
10359362
10428135
3978277
6969609
13749056
3632777
12627638
13158302
5936689
1868984
1641391
6652860
5587834
7015022
12631290
1121356
772979
6296324
4630899
7361508
10897348
2902604
3702991
5931025
5194693
2583634
8369142
10474577
8924822
4824063
2962462
14048338
12707362
13743747
9674365
13116914
6964377
6860832
3911264
13094492
9189181
7101903
3998300
8667693
8130327
11760981
2197919
8048972
9750904
10800509
2010597
4595482
8125941
11214762
6989330
7715252
7765104
13432231
14197031
4501387
7546917
5470933
7570159
5875065
4560944
5447559
6274352
3689111
9238925
972961
6494059
13416828
6123109
13141533
5783896
2232997
784637
13947889
2348662
5465872
7902678
10072910
9060
9007581
1108498
