100 99
1 2 1000 E
2 3 1000 E
3 4 1000 E
4 5 1000 E
5 6 1000 E
6 7 1000 E
7 8 1000 E
8 9 1000 E
9 10 1000 E
10 11 1000 E
11 12 1000 E
12 13 1000 E
13 14 1000 E
14 15 1000 E
15 16 1000 E
16 17 1000 E
17 18 1000 E
18 19 1000 E
19 20 1000 E
20 21 1000 E
21 22 1000 E
22 23 1000 E
23 24 1000 E
24 25 1000 E
26 27 1000 E
27 28 1000 E
28 29 1000 E
29 30 1000 E
30 31 1000 E
31 32 1000 E
32 33 1000 E
33 34 1000 E
34 35 1000 E
35 36 1000 E
36 37 1000 E
37 38 1000 E
38 39 1000 E
39 40 1000 E
40 41 1000 E
41 42 1000 E
42 43 1000 E
43 44 1000 E
44 45 1000 E
45 46 1000 E
46 47 1000 E
47 48 1000 E
48 49 1000 E
49 50 1000 E
51 52 1000 E
52 53 1000 E
53 54 1000 E
54 55 1000 E
55 56 1000 E
56 57 1000 E
57 58 1000 E
58 59 1000 E
59 60 1000 E
60 61 1000 E
61 62 1000 E
62 63 1000 E
63 64 1000 E
64 65 1000 E
65 66 1000 E
66 67 1000 E
67 68 1000 E
68 69 1000 E
69 70 1000 E
70 71 1000 E
71 72 1000 E
72 73 1000 E
73 74 1000 E
74 75 1000 E
76 77 1000 E
77 78 1000 E
78 79 1000 E
79 80 1000 E
80 81 1000 E
81 82 1000 E
82 83 1000 E
83 84 1000 E
84 85 1000 E
85 86 1000 E
86 87 1000 E
87 88 1000 E
88 89 1000 E
89 90 1000 E
90 91 1000 E
91 92 1000 E
92 93 1000 E
93 94 1000 E
94 95 1000 E
95 96 1000 E
96 97 1000 E
97 98 1000 E
98 99 1000 E
99 100 1000 E
10 40 100 S
30 60 100 S
70 90 100 S
100
34 44
55 65
38 48
63 73
2 12
76 86
1 11
62 72
8 18
41 51
58 68
60 70
30 40
67 77
60 70
74 84
80 90
11 21
21 31
87 97
33 43
20 30
83 93
35 45
56 66
32 42
44 54
36 46
69 79
74 84
51 61
64 74
38 48
89 99
37 47
40 50
36 46
89 99
11 21
5 15
39 49
30 40
64 74
30 40
58 68
33 43
14 24
10 20
43 53
86 96
6 16
37 47
67 77
51 61
33 43
32 42
82 92
77 87
30 40
60 70
22 32
80 90
34 44
60 70
40 50
32 42
61 71
75 85
82 92
33 43
80 90
83 93
25 35
15 25
22 32
44 54
48 58
35 45
53 63
52 62
82 92
59 69
51 61
59 69
71 81
83 93
90 100
62 72
31 41
29 39
84 94
53 63
71 81
79 89
22 32
20 30
72 82
44 54
5 15
63 73
