1457 1456
881 882 1 W
876 879 1 N
876 878 1 E
876 877 1 W
872 875 1 S
872 874 1 N
872 873 1 E
868 871 1 S
868 870 1 N
868 869 1 W
863 866 1 S
863 865 1 E
863 864 1 W
859 862 1 N
859 861 1 E
859 860 1 W
855 858 1 S
855 857 1 N
908 909 1 E
903 906 1 S
903 905 1 E
903 904 1 W
899 902 1 N
899 901 1 E
899 900 1 W
895 898 1 S
895 897 1 N
895 896 1 W
889 892 1 S
889 891 1 E
889 890 1 W
885 888 1 S
885 887 1 N
885 886 1 E
881 884 1 S
881 883 1 N
827 828 1 E
822 825 1 S
822 824 1 E
822 823 1 W
818 821 1 N
818 820 1 E
818 819 1 W
814 817 1 S
814 816 1 N
814 815 1 W
808 811 1 N
808 810 1 E
808 809 1 W
804 807 1 S
804 806 1 N
804 805 1 E
800 803 1 S
800 802 1 N
855 856 1 E
848 851 1 S
848 850 1 E
848 849 1 W
844 847 1 S
844 846 1 N
844 845 1 E
840 843 1 S
840 842 1 N
840 841 1 W
835 838 1 S
835 837 1 E
835 836 1 W
831 834 1 N
831 833 1 E
831 832 1 W
827 830 1 S
827 829 1 N
989 991 1 N
989 990 1 W
984 987 1 S
984 986 1 E
984 985 1 W
980 983 1 N
980 982 1 E
980 981 1 W
976 979 1 S
976 978 1 N
976 977 1 W
969 972 1 S
969 971 1 E
969 970 1 W
965 968 1 S
965 967 1 N
965 966 1 E
961 964 1 S
1016 1018 1 N
1016 1017 1 E
1010 1013 1 S
1010 1012 1 E
1010 1011 1 W
1006 1009 1 S
1006 1008 1 N
1006 1007 1 E
1002 1005 1 S
1002 1004 1 N
1002 1003 1 W
997 1000 1 N
997 999 1 E
997 998 1 W
993 996 1 S
993 995 1 N
993 994 1 E
989 992 1 S
935 936 1 W
929 932 1 N
929 931 1 E
929 930 1 W
925 928 1 S
925 927 1 N
925 926 1 E
921 924 1 S
921 923 1 N
921 922 1 W
916 919 1 S
916 918 1 E
916 917 1 W
912 915 1 N
912 914 1 E
912 913 1 W
908 911 1 S
908 910 1 N
961 963 1 N
961 962 1 W
956 959 1 S
956 958 1 E
956 957 1 W
952 955 1 N
952 954 1 E
952 953 1 W
948 951 1 S
948 950 1 N
948 949 1 E
943 946 1 S
943 945 1 E
943 944 1 W
939 942 1 N
939 941 1 E
939 940 1 W
935 938 1 S
935 937 1 N
665 666 1 W
660 663 1 S
660 662 1 E
660 661 1 W
656 659 1 N
656 658 1 E
656 657 1 W
652 655 1 S
652 654 1 N
652 653 1 E
646 649 1 S
646 648 1 E
646 647 1 W
642 645 1 S
642 644 1 N
642 643 1 E
638 641 1 S
638 640 1 N
692 693 1 W
686 689 1 S
686 688 1 E
686 687 1 W
682 685 1 S
682 684 1 N
682 683 1 E
678 681 1 S
678 680 1 N
678 679 1 W
673 676 1 N
673 675 1 E
673 674 1 W
669 672 1 S
669 671 1 N
669 670 1 E
665 668 1 S
665 667 1 N
605 608 1 N
605 607 1 E
605 606 1 W
601 604 1 S
601 603 1 N
601 602 1 E
597 600 1 S
597 599 1 N
597 598 1 W
592 595 1 S
592 594 1 E
592 593 1 W
588 591 1 N
588 590 1 E
588 589 1 W
584 587 1 S
584 586 1 N
584 585 1 E
638 639 1 W
633 636 1 N
633 635 1 E
633 634 1 W
629 632 1 S
629 631 1 N
629 630 1 E
625 628 1 S
625 627 1 N
625 626 1 W
620 623 1 S
620 622 1 E
620 621 1 W
616 619 1 N
616 618 1 E
616 617 1 W
612 615 1 S
612 614 1 N
612 613 1 W
774 775 1 W
768 771 1 S
768 770 1 E
768 769 1 W
764 767 1 S
764 766 1 N
764 765 1 E
760 763 1 S
760 762 1 N
760 761 1 W
755 758 1 N
755 757 1 E
755 756 1 W
751 754 1 S
751 753 1 N
751 752 1 E
747 750 1 S
747 749 1 N
800 801 1 W
795 798 1 S
795 797 1 E
795 796 1 W
791 794 1 N
791 793 1 E
791 792 1 W
787 790 1 S
787 789 1 N
787 788 1 E
782 785 1 S
782 784 1 E
782 783 1 W
778 781 1 N
778 780 1 E
778 779 1 W
774 777 1 S
774 776 1 N
718 719 1 W
713 716 1 S
713 715 1 E
713 714 1 W
709 712 1 N
709 711 1 E
709 710 1 W
705 708 1 S
705 707 1 N
705 706 1 E
700 703 1 S
700 702 1 E
700 701 1 W
696 699 1 N
696 698 1 E
696 697 1 W
692 695 1 S
692 694 1 N
747 748 1 W
742 745 1 S
742 744 1 E
742 743 1 W
738 741 1 N
738 740 1 E
738 739 1 W
734 737 1 S
734 736 1 N
734 735 1 W
1454 1455 1 W
726 729 1 S
726 728 1 E
726 727 1 W
722 725 1 S
722 724 1 N
722 723 1 E
718 721 1 S
718 720 1 N
1316 1318 1 E
1316 1317 1 W
1312 1315 1 S
1312 1314 1 N
1312 1313 1 E
1307 1310 1 S
1307 1309 1 E
1307 1308 1 W
1303 1306 1 N
1303 1305 1 E
1303 1304 1 W
1299 1302 1 S
1299 1301 1 N
1299 1300 1 W
1293 1296 1 N
1293 1295 1 E
1293 1294 1 W
1289 1292 1 S
1344 1346 1 E
1344 1345 1 W
1340 1343 1 S
1340 1342 1 N
1340 1341 1 W
1333 1336 1 S
1333 1335 1 E
1333 1334 1 W
1329 1332 1 S
1329 1331 1 N
1329 1330 1 E
1325 1328 1 S
1325 1327 1 N
1325 1326 1 W
1320 1323 1 S
1320 1322 1 E
1320 1321 1 W
1316 1319 1 N
1263 1264 1 W
1259 1262 1 S
1259 1261 1 N
1259 1260 1 W
1253 1256 1 S
1253 1255 1 E
1253 1254 1 W
1249 1252 1 S
1249 1251 1 N
1249 1250 1 E
1245 1248 1 S
1245 1247 1 N
1245 1246 1 W
1240 1243 1 N
1240 1242 1 E
1240 1241 1 W
1236 1239 1 S
1236 1238 1 N
1289 1291 1 N
1289 1290 1 E
1285 1288 1 S
1285 1287 1 N
1285 1286 1 W
1280 1283 1 S
1280 1282 1 E
1280 1281 1 W
1276 1279 1 N
1276 1278 1 E
1276 1277 1 W
1272 1275 1 S
1272 1274 1 N
1272 1273 1 E
1267 1270 1 S
1267 1269 1 E
1267 1268 1 W
1263 1266 1 N
1263 1265 1 E
1424 1427 1 N
1424 1426 1 E
1424 1425 1 W
1420 1423 1 S
1420 1422 1 N
1420 1421 1 W
1414 1417 1 S
1414 1416 1 E
1414 1415 1 W
1410 1413 1 S
1410 1412 1 N
1410 1411 1 E
1406 1409 1 S
1406 1408 1 N
1406 1407 1 W
1401 1404 1 N
1401 1403 1 E
1401 1402 1 W
1450 1453 1 S
1450 1452 1 N
1450 1451 1 E
1446 1449 1 S
1446 1448 1 N
1446 1447 1 W
1441 1444 1 S
1441 1443 1 E
1441 1442 1 W
1437 1440 1 N
1437 1439 1 E
1437 1438 1 W
1433 1436 1 S
1433 1435 1 N
1433 1434 1 E
1428 1431 1 S
1428 1430 1 E
1428 1429 1 W
1370 1372 1 N
1370 1371 1 E
1366 1369 1 S
1366 1368 1 N
1366 1367 1 W
1361 1364 1 N
1361 1363 1 E
1361 1362 1 W
1357 1360 1 S
1357 1359 1 N
1357 1358 1 E
1353 1356 1 S
1353 1355 1 N
1353 1354 1 W
1348 1351 1 S
1348 1350 1 E
1348 1349 1 W
1344 1347 1 N
1397 1400 1 S
1397 1399 1 N
1397 1398 1 E
1393 1396 1 S
1393 1395 1 N
1393 1394 1 W
1388 1391 1 S
1388 1390 1 E
1388 1389 1 W
1384 1387 1 N
1384 1386 1 E
1384 1385 1 W
1380 1383 1 S
1380 1382 1 N
1380 1381 1 E
1374 1377 1 S
1374 1376 1 E
1374 1375 1 W
1370 1373 1 S
1098 1101 1 S
1098 1100 1 N
1098 1099 1 W
1090 1093 1 N
1090 1092 1 E
1090 1091 1 W
1086 1089 1 S
1086 1088 1 N
1086 1087 1 E
1082 1085 1 S
1082 1084 1 N
1082 1083 1 W
1077 1080 1 S
1077 1079 1 E
1077 1078 1 W
1073 1076 1 N
1073 1075 1 E
1073 1074 1 W
1124 1127 1 S
1124 1126 1 N
1124 1125 1 W
1119 1122 1 N
1119 1121 1 E
1119 1120 1 W
1115 1118 1 S
1115 1117 1 N
1115 1116 1 E
1111 1114 1 S
1111 1113 1 N
1111 1112 1 W
1106 1109 1 S
1106 1108 1 E
1106 1107 1 W
1102 1105 1 N
1102 1104 1 E
1102 1103 1 W
1042 1044 1 N
1042 1043 1 W
1037 1040 1 N
1037 1039 1 E
1037 1038 1 W
1033 1036 1 S
1033 1035 1 N
1033 1034 1 E
1029 1032 1 S
1029 1031 1 N
1029 1030 1 W
1024 1027 1 S
1024 1026 1 E
1024 1025 1 W
1020 1023 1 N
1020 1022 1 E
1020 1021 1 W
1016 1019 1 S
1069 1072 1 S
1069 1071 1 N
1069 1070 1 E
1064 1067 1 S
1064 1066 1 E
1064 1065 1 W
1060 1063 1 N
1060 1062 1 E
1060 1061 1 W
1056 1059 1 S
1056 1058 1 N
1056 1057 1 W
1050 1053 1 S
1050 1052 1 E
1050 1051 1 W
1046 1049 1 S
1046 1048 1 N
1046 1047 1 E
1042 1045 1 S
1208 1209 1 E
1204 1207 1 S
1204 1206 1 N
1204 1205 1 W
1199 1202 1 S
1199 1201 1 E
1199 1200 1 W
1195 1198 1 N
1195 1197 1 E
1195 1196 1 W
1191 1194 1 S
1191 1193 1 N
1191 1192 1 E
1186 1189 1 S
1186 1188 1 E
1186 1187 1 W
1182 1185 1 N
1182 1184 1 E
1236 1237 1 E
1232 1235 1 S
1232 1234 1 N
1232 1233 1 W
1227 1230 1 S
1227 1229 1 E
1227 1228 1 W
1223 1226 1 N
1223 1225 1 E
1223 1224 1 W
1219 1222 1 S
1219 1221 1 N
1219 1220 1 E
1212 1215 1 S
1212 1214 1 E
1212 1213 1 W
1208 1211 1 S
1208 1210 1 N
1151 1154 1 S
1151 1153 1 N
1151 1152 1 E
1146 1149 1 S
1146 1148 1 E
1146 1147 1 W
1142 1145 1 N
1142 1144 1 E
1142 1143 1 W
1138 1141 1 S
1138 1140 1 N
1138 1139 1 W
1132 1135 1 S
1132 1134 1 E
1132 1133 1 W
1128 1131 1 S
1128 1130 1 N
1128 1129 1 E
1182 1183 1 W
1178 1181 1 S
1178 1180 1 N
1178 1179 1 W
1172 1175 1 N
1172 1174 1 E
1172 1173 1 W
1168 1171 1 S
1168 1170 1 N
1168 1169 1 E
1164 1167 1 S
1164 1166 1 N
1164 1165 1 W
1159 1162 1 S
1159 1161 1 E
1159 1160 1 W
1155 1158 1 N
1155 1157 1 E
1155 1156 1 W
256 257 1 W
256 258 1 E
256 259 1 S
261 262 1 W
261 263 1 N
261 264 1 S
265 266 1 E
265 267 1 N
265 268 1 S
269 270 1 W
269 271 1 E
269 272 1 N
274 275 1 W
274 276 1 N
274 277 1 S
278 279 1 E
301 304 1 S
301 303 1 N
301 302 1 W
296 299 1 S
296 298 1 E
296 297 1 W
292 295 1 N
292 294 1 E
292 293 1 W
288 291 1 S
288 290 1 N
288 289 1 E
282 285 1 S
282 284 1 E
282 283 1 W
278 281 1 S
278 280 1 N
228 229 1 W
224 227 1 N
224 226 1 E
224 225 1 W
220 223 1 S
220 222 1 N
220 221 1 E
215 218 1 S
215 217 1 E
215 216 1 W
211 214 1 N
211 213 1 E
211 212 1 W
207 210 1 S
207 209 1 N
207 208 1 W
201 204 1 S
252 255 1 N
252 254 1 E
252 253 1 W
248 251 1 S
248 250 1 N
248 249 1 W
241 244 1 N
241 243 1 E
241 242 1 W
237 240 1 S
237 239 1 N
237 238 1 E
233 236 1 S
233 235 1 N
233 234 1 W
228 231 1 S
228 230 1 E
354 356 1 N
354 357 1 S
358 359 1 E
358 360 1 N
358 361 1 S
362 363 1 W
362 364 1 E
362 365 1 S
1454 1456 1 E
370 371 1 E
370 372 1 N
370 373 1 S
374 375 1 W
374 376 1 E
374 377 1 N
378 379 1 W
400 403 1 S
400 402 1 N
400 401 1 E
396 399 1 S
396 398 1 N
396 397 1 W
391 394 1 N
391 393 1 E
391 392 1 W
387 390 1 S
387 389 1 N
387 388 1 E
383 386 1 S
383 385 1 N
383 384 1 W
378 381 1 S
378 380 1 E
328 330 1 N
328 329 1 W
322 325 1 S
322 324 1 E
322 323 1 W
318 321 1 S
318 320 1 N
318 319 1 E
314 317 1 S
314 316 1 N
314 315 1 W
309 312 1 N
309 311 1 E
309 310 1 W
305 308 1 S
305 307 1 N
305 306 1 E
354 355 1 W
349 352 1 S
349 351 1 E
349 350 1 W
345 348 1 N
345 347 1 E
345 346 1 W
341 344 1 S
341 343 1 N
341 342 1 E
336 339 1 S
336 338 1 E
336 337 1 W
332 335 1 N
332 334 1 E
332 333 1 W
328 331 1 S
54 55 1 W
54 56 1 E
54 57 1 S
59 60 1 E
59 61 1 N
59 62 1 S
63 64 1 W
63 65 1 E
63 66 1 N
67 68 1 W
67 69 1 E
67 70 1 S
72 73 1 W
72 74 1 N
72 75 1 S
76 77 1 E
99 102 1 S
99 101 1 N
99 100 1 E
94 97 1 S
94 96 1 E
94 95 1 W
90 93 1 N
90 92 1 E
90 91 1 W
86 89 1 S
86 88 1 N
86 87 1 W
80 83 1 N
80 82 1 E
80 81 1 W
76 79 1 S
76 78 1 N
27 28 1 W
23 26 1 S
23 25 1 N
23 24 1 E
19 22 1 S
19 21 1 N
19 20 1 W
14 17 1 S
14 16 1 E
14 15 1 W
10 13 1 N
10 12 1 E
10 11 1 W
6 9 1 S
6 8 1 N
6 7 1 W
1454 1457 1 S
50 53 1 N
50 52 1 E
50 51 1 W
46 49 1 S
46 48 1 N
46 47 1 W
40 43 1 S
40 42 1 E
40 41 1 W
36 39 1 S
36 38 1 N
36 37 1 E
32 35 1 S
32 34 1 N
32 33 1 W
27 30 1 N
27 29 1 E
175 178 1 S
175 177 1 E
175 176 1 W
171 174 1 N
171 173 1 E
171 172 1 W
167 170 1 S
167 169 1 N
167 168 1 E
161 164 1 S
161 163 1 E
161 162 1 W
157 160 1 S
157 159 1 N
157 158 1 E
153 156 1 S
153 155 1 N
201 203 1 E
201 202 1 W
197 200 1 S
197 199 1 N
197 198 1 E
193 196 1 S
193 195 1 N
193 194 1 W
188 191 1 N
188 190 1 E
188 189 1 W
184 187 1 S
184 186 1 N
184 185 1 E
180 183 1 S
180 182 1 N
180 181 1 W
127 129 1 N
127 128 1 W
120 123 1 S
120 122 1 E
120 121 1 W
116 119 1 S
116 118 1 N
116 117 1 E
112 115 1 S
112 114 1 N
112 113 1 W
107 110 1 S
107 109 1 E
107 108 1 W
103 106 1 N
103 105 1 E
103 104 1 W
153 154 1 W
148 151 1 N
148 150 1 E
148 149 1 W
144 147 1 S
144 146 1 N
144 145 1 E
140 143 1 S
140 142 1 N
140 141 1 W
135 138 1 S
135 137 1 E
135 136 1 W
131 134 1 N
131 133 1 E
131 132 1 W
127 130 1 S
552 554 1 E
535 536 1 W
552 555 1 N
440 441 1 E
504 507 1 S
517 519 1 N
427 430 1 N
427 429 1 E
531 534 1 S
504 506 1 N
504 505 1 W
557 558 1 W
427 428 1 W
557 559 1 N
463 464 1 E
450 451 1 W
557 560 1 S
517 520 1 S
423 426 1 S
476 477 1 W
423 425 1 N
476 478 1 N
440 442 1 N
561 562 1 E
450 452 1 N
423 424 1 E
561 563 1 N
531 533 1 N
476 479 1 S
531 532 1 E
544 545 1 W
467 470 1 N
512 513 1 W
444 446 1 E
544 546 1 N
436 439 1 S
544 547 1 S
467 469 1 E
471 472 1 W
444 447 1 N
535 538 1 N
436 438 1 N
436 437 1 W
517 518 1 W
471 473 1 E
463 466 1 S
548 549 1 E
548 550 1 N
548 551 1 S
508 511 1 S
431 434 1 S
471 474 1 S
508 510 1 N
535 537 1 E
431 433 1 E
431 432 1 W
463 465 1 N
552 553 1 W
512 514 1 E
508 509 1 E
512 515 1 N
571 574 1 S
495 496 1 W
454 457 1 N
484 485 1 W
410 412 1 N
467 468 1 W
410 411 1 W
575 576 1 W
525 528 1 S
521 523 1 N
575 577 1 E
484 486 1 E
575 578 1 N
521 524 1 S
404 407 1 S
484 487 1 S
491 494 1 S
491 493 1 N
579 580 1 W
579 581 1 E
458 460 1 E
404 406 1 E
404 405 1 W
525 527 1 E
491 492 1 W
579 582 1 S
525 526 1 W
458 459 1 W
539 540 1 W
561 564 1 S
499 502 1 S
565 566 1 W
418 421 1 S
418 420 1 E
480 481 1 E
499 501 1 E
444 445 1 W
539 542 1 S
450 453 1 S
499 500 1 W
565 567 1 E
418 419 1 W
480 482 1 N
565 568 1 S
571 573 1 N
454 456 1 E
410 413 1 S
495 497 1 E
454 455 1 W
414 415 1 W
571 572 1 W
495 498 1 N
458 461 1 S
521 522 1 E
440 443 1 S
414 416 1 E
414 417 1 N
480 483 1 S
539 541 1 E
152 153 2 W
1218 1227 2 S
1231 1232 2 W
516 517 2 W
677 682 2 E
1231 1236 2 E
139 148 2 N
1231 1240 2 N
516 521 2 E
139 144 2 E
677 678 2 W
1244 1245 2 W
139 140 2 W
1244 1249 2 E
1244 1253 2 S
664 673 2 N
179 184 2 E
1177 1182 2 N
1177 1178 2 W
179 188 2 N
704 709 2 N
1163 1172 2 N
490 499 2 S
192 193 2 W
1163 1168 2 E
704 713 2 S
1163 1164 2 W
192 197 2 E
490 495 2 N
1150 1159 2 S
192 201 2 S
717 718 2 W
1150 1155 2 N
1150 1151 2 E
206 207 2 W
1137 1146 2 S
717 722 2 E
490 491 2 W
206 211 2 N
677 686 2 S
152 157 2 E
1218 1223 2 N
1218 1219 2 E
152 161 2 S
691 692 2 W
1203 1212 2 S
503 512 2 N
1203 1208 2 E
166 167 2 E
1203 1204 2 W
691 696 2 N
166 171 2 N
1190 1199 2 S
503 508 2 E
166 175 2 S
1190 1195 2 N
691 700 2 S
1190 1191 2 E
179 180 2 W
503 504 2 W
1177 1186 2 S
704 705 2 E
31 36 2 E
1392 1401 2 N
31 40 2 S
1392 1397 2 E
611 612 2 W
1392 1393 2 W
45 46 2 W
1379 1388 2 S
556 565 2 S
1379 1384 2 N
45 50 2 N
611 616 2 N
1379 1380 2 E
45 54 2 S
556 561 2 E
1365 1374 2 S
611 620 2 S
1365 1370 2 E
58 59 2 E
1365 1366 2 W
58 63 2 N
624 625 2 W
1352 1361 2 N
556 557 2 W
58 67 2 S
1352 1357 2 E
583 584 2 E
1445 1450 2 E
5 6 2 W
1445 1446 2 W
583 588 2 N
5 10 2 N
1432 1441 2 S
570 579 2 S
1432 1437 2 N
5 14 2 S
583 592 2 S
1432 1433 2 E
18 19 2 W
1419 1428 2 S
596 597 2 W
1419 1424 2 N
18 23 2 E
570 575 2 N
1419 1420 2 W
18 27 2 N
596 601 2 E
1405 1414 2 S
570 571 2 W
1405 1410 2 E
31 32 2 W
596 605 2 N
1405 1406 2 W
1298 1303 2 N
651 652 2 E
530 539 2 S
1298 1299 2 W
98 107 2 S
651 656 2 N
1284 1293 2 N
111 112 2 W
1284 1289 2 E
530 535 2 N
651 660 2 S
1284 1285 2 W
111 116 2 E
1271 1280 2 S
530 531 2 E
111 120 2 S
1271 1276 2 N
664 665 2 W
1271 1272 2 E
126 127 2 W
1258 1267 2 S
664 669 2 E
1258 1263 2 N
126 131 2 N
1258 1259 2 W
516 525 2 S
126 135 2 S
624 629 2 E
1352 1353 2 W
71 72 2 W
1339 1348 2 S
543 552 2 N
624 633 2 N
71 76 2 E
1339 1344 2 N
1339 1340 2 W
71 80 2 N
637 638 2 W
1324 1333 2 S
543 548 2 E
1324 1329 2 E
85 86 2 W
1324 1325 2 W
637 642 2 E
85 90 2 N
1311 1320 2 S
543 544 2 W
85 94 2 S
1311 1316 2 N
637 646 2 S
1311 1312 2 E
98 99 2 E
1298 1307 2 S
98 103 2 N
907 916 2 S
1028 1033 2 E
773 774 2 W
422 423 2 E
1028 1029 2 W
920 921 2 W
287 288 2 E
1015 1024 2 S
353 358 2 E
813 822 2 S
920 925 2 E
287 292 2 N
353 354 2 W
1015 1020 2 N
773 778 2 N
449 454 2 N
1015 1016 2 E
920 929 2 N
422 427 2 N
287 296 2 S
773 782 2 S
894 903 2 S
369 370 2 E
260 265 2 E
1055 1060 2 N
759 760 2 W
1055 1056 2 W
260 269 2 N
759 764 2 E
1041 1050 2 S
462 463 2 E
273 274 2 W
1041 1046 2 E
907 908 2 E
759 768 2 S
1041 1042 2 W
907 912 2 N
826 827 2 E
273 278 2 E
1028 1037 2 N
449 458 2 S
273 282 2 S
353 362 2 S
435 444 2 N
975 984 2 S
786 795 2 S
313 318 2 E
975 980 2 N
435 440 2 E
313 322 2 S
975 976 2 W
947 948 2 E
947 952 2 N
799 808 2 N
799 800 2 W
960 969 2 S
327 336 2 S
947 956 2 S
435 436 2 W
327 328 2 W
960 965 2 E
799 804 2 E
327 332 2 N
960 961 2 W
813 818 2 N
1001 1010 2 S
300 301 2 W
1001 1006 2 E
449 450 2 W
934 935 2 W
1001 1002 2 W
340 349 2 S
300 305 2 E
786 787 2 E
934 939 2 N
813 814 2 W
988 997 2 N
300 309 2 N
988 993 2 E
786 791 2 N
340 345 2 N
934 943 2 S
988 989 2 W
422 431 2 S
313 314 2 W
340 341 2 E
219 228 2 S
1110 1115 2 E
733 738 2 N
1110 1111 2 W
382 391 2 N
839 844 2 E
232 233 2 W
475 480 2 E
409 410 2 W
1097 1106 2 S
232 237 2 E
733 742 2 S
867 876 2 N
1097 1102 2 N
232 241 2 N
1097 1098 2 W
382 387 2 E
880 881 2 W
839 840 2 W
1445 1454 2 S
475 476 2 W
1137 1142 2 N
854 855 2 E
717 726 2 S
1137 1138 2 W
395 404 2 S
854 859 2 N
206 215 2 S
395 400 2 E
1123 1132 2 S
854 863 2 S
219 220 2 E
839 848 2 S
1123 1128 2 E
395 396 2 W
1123 1124 2 W
867 868 2 W
219 224 2 N
733 734 2 W
1110 1119 2 N
475 484 2 S
867 872 2 E
409 414 2 N
1081 1082 2 W
260 261 2 W
894 899 2 N
880 889 2 S
247 252 2 N
369 378 2 S
826 835 2 S
746 751 2 E
1068 1077 2 S
462 471 2 S
247 256 2 S
1068 1069 2 E
746 755 2 N
369 374 2 N
1068 1073 2 N
894 895 2 W
247 248 2 W
1081 1086 2 E
746 747 2 W
1081 1090 2 N
1055 1064 2 S
462 467 2 N
382 383 2 W
880 885 2 E
409 418 2 S
826 831 2 N
1338 1339 4 W
368 395 4 S
893 907 4 E
44 71 4 N
933 960 4 S
933 947 4 E
853 854 4 E
610 611 4 W
326 340 4 E
368 369 4 E
4 5 4 W
1378 1405 4 S
408 435 4 N
569 583 4 E
1418 1445 4 S
812 839 4 S
326 353 4 S
1418 1419 4 W
44 58 4 E
853 880 4 S
569 596 4 N
1378 1379 4 E
893 920 4 N
368 382 4 N
933 934 4 W
408 422 4 E
1338 1365 4 S
610 624 4 N
812 826 4 E
4 18 4 N
1418 1432 4 E
529 556 4 S
4 31 4 S
812 813 4 W
893 894 4 W
44 45 4 W
408 409 4 W
569 570 4 W
1378 1392 4 N
1338 1352 4 N
853 867 4 N
690 704 4 E
489 503 4 N
246 273 4 S
1217 1244 4 S
1096 1110 4 N
650 677 4 S
448 462 4 E
1176 1177 4 W
125 139 4 N
1014 1041 4 S
205 232 4 N
1257 1258 4 W
772 773 4 W
165 192 4 S
1014 1028 4 N
286 287 4 E
732 733 4 W
125 126 4 W
1176 1203 4 S
448 475 4 S
1054 1081 4 N
165 166 4 E
246 247 4 W
690 691 4 W
732 746 4 N
1217 1218 4 E
1054 1068 4 E
1096 1097 4 W
246 260 4 N
489 516 4 S
732 759 4 S
125 152 4 S
1176 1190 4 E
1217 1231 4 N
1054 1055 4 W
165 179 4 N
1297 1298 4 W
286 313 4 S
650 651 4 E
1136 1150 4 E
974 988 4 N
84 98 4 E
1297 1311 4 E
529 543 4 N
974 975 4 W
205 206 4 W
1297 1324 4 S
772 799 4 N
1136 1137 4 W
326 327 4 W
84 85 4 W
610 637 4 S
489 490 4 W
1096 1123 4 S
1257 1271 4 E
1136 1163 4 N
529 530 4 E
650 664 4 N
1014 1015 4 E
1257 1284 4 N
690 717 4 S
205 219 4 E
974 1001 4 S
772 786 4 E
84 111 4 S
448 449 4 W
286 300 4 N
852 853 8 E
731 732 8 W
1095 1096 8 W
1095 1136 8 N
245 246 8 W
1337 1418 8 S
367 408 8 N
488 489 8 W
124 205 8 N
3 4 8 W
1095 1176 8 S
1337 1338 8 W
3 84 8 S
245 326 8 S
973 974 8 W
731 812 8 S
609 650 8 E
367 448 8 S
1216 1297 8 S
852 933 8 S
973 1014 8 E
124 125 8 W
488 529 8 E
1337 1378 8 E
245 286 8 E
1216 1257 8 N
124 165 8 E
852 893 8 N
1216 1217 8 E
609 690 8 S
488 569 8 N
609 610 8 W
973 1054 8 N
367 368 8 E
3 44 8 N
731 772 8 N
2 124 16 N
730 731 16 W
366 609 16 S
366 488 16 N
1094 1095 16 W
730 852 16 E
2 245 16 S
730 973 16 N
1094 1216 16 E
366 367 16 E
1094 1337 16 S
2 3 16 W
1 1094 32 S
1 730 32 N
1 366 32 E
1 2 32 W
1000
975 1137
1270 198
85 877
402 685
1324 1185
556 889
69 1224
1325 530
168 1405
84 747
1034 572
1368 385
1128 777
1052 1178
248 1352
810 451
473 827
1019 1002
320 1169
981 104
252 1137
352 1355
957 1025
981 620
541 1175
135 528
618 1308
868 1178
806 40
383 1328
1015 123
761 474
1199 281
956 112
1050 652
731 787
1169 1404
977 1122
329 470
1157 1161
324 1026
935 329
294 378
678 184
224 1234
1253 507
202 526
459 45
436 373
761 73
956 704
124 489
1222 782
1143 3
26 534
1018 637
190 839
766 148
1314 584
1182 195
1062 1
509 124
285 1345
1053 1338
240 214
968 1232
745 272
1356 1345
554 52
124 1234
383 1146
1344 197
496 789
429 385
364 624
1448 443
255 38
1357 1393
1150 489
376 921
105 1303
1290 40
1450 535
655 1271
890 485
189 476
1027 730
679 630
219 322
1268 697
943 1109
307 942
1324 1242
523 439
107 179
622 675
122 244
1116 1231
589 1449
859 1259
591 1053
169 1359
402 76
1169 906
601 1012
210 176
601 297
573 264
1174 852
639 561
1417 1152
389 171
302 572
615 591
1366 1192
1147 252
454 1160
312 276
1400 1449
1022 939
1062 898
697 137
541 746
460 1360
136 1268
1131 1266
1152 570
13 881
902 823
1186 695
881 608
1419 1304
978 388
1108 1155
371 141
1134 122
998 1274
257 1286
407 731
241 767
171 190
999 459
505 1436
1065 1086
69 307
649 291
1037 1289
845 396
384 803
1053 1351
960 64
324 1062
992 418
898 25
502 401
246 1050
419 629
101 325
1376 708
1083 612
1248 114
453 437
116 280
65 1177
1099 221
1290 466
7 885
320 1293
1029 62
1082 1144
1337 1242
1347 237
120 660
460 1032
1439 673
1054 505
569 820
713 1447
31 1018
365 951
1310 830
1219 1027
108 1146
732 456
1384 746
492 650
681 1219
605 782
364 1120
492 336
306 188
212 1407
662 365
314 1096
1305 1023
362 365
1380 1353
612 500
141 863
687 1354
727 510
446 721
43 1382
1093 546
1141 393
786 1062
1388 984
1443 446
1438 894
1095 124
1088 850
119 146
556 188
208 131
955 123
119 908
1411 838
1142 1131
222 1419
165 1056
311 686
1275 1112
352 210
811 417
665 223
1220 649
1378 602
1371 594
353 816
536 980
842 141
848 266
1307 618
497 279
126 1251
1025 1013
226 934
879 1155
1206 50
36 893
230 585
1110 283
495 133
89 629
408 754
1257 630
1297 1163
482 584
260 332
853 368
127 905
998 557
678 1051
1283 1448
1017 706
237 506
777 345
1101 1134
1122 1393
44 1096
1316 1222
566 1071
1247 599
912 733
56 292
1410 836
788 463
1327 106
993 79
150 122
1130 288
101 853
1394 951
1131 713
1166 768
449 720
546 50
1295 228
263 71
932 220
1240 201
1312 609
1305 853
439 834
614 542
772 1299
616 387
1231 532
495 794
1293 577
1372 359
1431 213
44 368
756 1114
1031 270
616 1349
1228 816
741 589
481 1083
292 1227
630 1141
1168 1422
1165 8
558 1071
785 952
96 418
1013 189
1167 929
703 1410
1032 552
481 1181
287 1199
922 1214
158 315
1124 1099
903 45
573 1365
1058 1382
982 627
840 201
467 681
86 1276
1434 740
183 1205
311 872
1391 625
1431 1197
510 1105
825 937
1093 320
762 1094
463 30
1361 6
867 189
687 807
148 740
1418 1021
1138 73
782 1206
1360 1149
374 453
684 1223
812 1127
222 844
1144 74
332 221
451 490
310 170
123 1260
873 1162
793 386
658 1069
244 423
451 952
847 947
592 129
1384 579
283 1196
712 1319
1196 1042
1372 378
851 1035
95 129
466 579
531 276
669 867
1027 794
726 1384
902 638
880 685
870 907
1246 608
1234 702
803 1167
1015 240
1025 908
13 786
1037 362
343 1263
1274 993
333 405
1226 194
855 278
612 1080
1256 945
1026 820
205 833
486 720
693 1370
388 1187
1076 370
1212 447
807 1301
795 764
800 870
1353 438
208 642
1304 1127
156 362
577 1058
226 676
895 430
300 1236
290 881
1359 532
766 427
685 942
595 1097
1225 1252
2 371
581 904
72 341
318 948
407 1237
1259 1446
66 755
1075 290
1268 885
1131 652
515 961
955 392
614 771
702 1088
1184 37
1090 1295
378 211
93 1285
749 1096
1044 1077
1441 442
1059 1397
124 553
1295 105
499 1288
1247 1229
527 149
869 241
1193 1297
1251 1191
504 25
716 1084
171 58
88 203
1400 701
143 799
181 176
737 1045
1428 780
609 573
866 1384
415 643
1053 1121
1093 59
89 1
372 452
734 940
1244 527
1154 805
904 1413
695 1129
510 87
1409 1447
67 1390
76 21
1402 392
612 1125
1455 1220
735 1224
1103 978
586 215
303 725
663 984
993 1050
1074 1433
314 229
5 840
943 1145
642 731
1453 376
763 1269
53 114
885 776
558 620
163 236
1245 857
113 1169
414 654
784 1295
921 141
887 1212
1067 1264
514 999
1252 99
433 261
1354 357
1047 777
430 41
1265 825
1374 596
708 25
162 1399
1186 455
379 557
192 989
547 886
610 783
75 1212
502 1019
1073 1243
328 802
1102 963
225 999
347 1377
567 419
1355 966
1351 118
666 500
21 1001
509 925
443 103
709 1205
917 1429
431 318
501 884
102 1090
1205 983
1324 191
49 211
1249 1027
1085 320
266 1337
716 796
708 77
619 577
1256 987
253 734
823 908
436 956
209 747
905 683
247 948
793 206
162 913
156 382
1033 489
394 741
736 106
120 850
1171 1058
642 505
433 752
411 395
1185 864
886 1019
14 903
129 147
1284 1190
433 1309
846 1330
548 515
932 1255
806 209
44 244
195 1129
728 1142
599 121
1211 256
471 688
888 384
905 931
1426 405
93 61
919 105
843 607
945 185
492 784
493 845
535 1315
120 1053
1342 500
473 776
858 868
302 329
1138 23
804 1275
154 618
1082 1110
1116 495
689 614
645 807
74 130
216 1295
727 139
1341 1276
1413 622
213 1083
1252 708
530 674
1121 213
159 857
1152 1239
7 305
38 1031
705 1223
245 29
751 549
726 344
661 1181
782 844
676 1310
1376 1005
1364 1319
881 1356
536 911
317 1155
719 449
1055 25
948 685
58 317
1146 993
176 1219
752 1126
483 549
1245 1085
931 1401
646 971
909 876
366 366
1003 732
185 420
369 903
100 197
1 987
1257 775
817 556
75 1201
1238 652
127 1325
849 1178
739 1363
163 582
1114 682
276 990
295 1097
1397 456
145 531
1320 619
764 746
882 445
273 1183
392 197
263 1310
331 129
1385 423
915 362
692 815
829 677
161 292
817 24
44 604
942 1303
964 109
518 747
1061 674
94 439
1039 1438
217 810
13 970
862 329
1006 680
876 472
1250 286
1169 803
66 714
843 1115
832 697
178 1221
508 1233
1438 945
1241 493
1340 220
136 12
804 1180
762 1246
1392 939
1312 313
1212 798
464 1305
685 136
393 1377
780 110
182 553
178 208
1284 969
189 1211
209 1065
925 1127
563 133
1125 1125
25 368
1183 1148
794 180
725 665
379 491
436 680
1124 888
974 664
1314 1226
660 1202
141 1226
158 1259
284 596
1270 171
1315 857
870 1293
487 959
1169 475
371 639
1162 1298
780 290
766 447
441 1038
604 850
1432 707
1293 428
684 914
654 625
139 995
1157 1008
154 638
684 1403
1016 387
794 1298
1051 1272
399 1415
1347 641
647 146
421 592
1142 291
555 444
256 1435
712 1302
747 946
483 539
1234 1245
1262 1442
747 631
1165 1360
1428 1044
1241 141
542 397
1246 1416
1187 1013
1277 347
1181 431
1350 235
1011 982
817 997
1214 967
752 1058
733 142
1000 239
1110 276
1017 95
6 1275
547 19
1380 1029
1079 697
988 453
792 1205
736 788
1076 330
533 291
694 1307
53 163
1298 1017
172 940
27 561
1186 400
397 42
665 777
234 703
1189 1235
1271 779
1140 831
1442 980
305 1151
504 29
1400 1214
1291 154
1237 1126
821 1359
1043 1399
98 1212
768 1202
143 1186
534 33
408 845
1 787
1450 620
26 707
835 378
1197 1421
1336 369
1104 1136
554 129
983 663
1106 1378
107 1378
14 1370
690 246
1035 1080
440 1127
935 1313
1184 959
29 364
60 1346
431 994
189 1101
733 1422
439 963
1159 848
1107 1287
1327 764
458 798
724 1135
1427 45
186 475
630 663
994 246
1270 684
642 693
1401 650
372 519
655 976
1056 551
54 828
706 1322
1203 494
1342 31
605 1300
830 793
753 736
505 1108
1328 613
343 211
491 573
992 129
509 1331
1305 67
580 979
1155 352
964 1104
1423 152
1252 330
599 672
804 1163
379 1005
1276 364
1209 211
23 1099
136 796
1350 302
385 576
835 678
748 127
1180 930
727 1308
711 1434
568 36
1107 58
1167 502
122 702
796 1086
164 771
169 369
846 92
79 1126
316 379
917 1254
579 903
1339 613
288 1042
1303 688
1437 851
1098 1327
578 716
145 1102
1020 1418
723 1185
461 614
564 803
20 1398
176 1243
269 1222
1439 863
64 291
545 435
695 306
74 1028
706 31
784 902
325 921
907 1405
1027 216
540 197
231 569
944 1421
1302 966
471 1039
1132 288
1257 1379
727 247
445 4
1406 1031
982 113
271 651
158 138
479 290
1414 761
461 743
996 851
975 428
1033 873
731 1129
1259 961
527 82
671 239
779 1025
395 981
208 1442
309 1288
331 805
907 688
29 1418
182 1220
1063 597
829 1268
1041 589
85 1291
505 41
210 349
766 987
600 744
1306 773
534 1262
1030 867
1299 238
657 129
1347 521
104 1025
918 86
1254 1159
96 301
1083 149
573 990
133 562
597 711
564 218
1426 415
973 827
868 287
1111 392
1192 487
560 420
699 992
951 1432
611 572
1125 1135
311 1411
17 1234
1363 644
1030 606
705 340
681 899
1112 449
1384 250
1067 860
4 836
922 1146
798 13
351 1375
191 1255
421 503
1446 34
1434 1145
1264 1379
1376 989
295 992
963 764
436 413
1143 763
1036 1261
385 225
1222 521
660 805
546 611
681 838
527 1132
1207 945
