62
90 29 41 61 49 71 3 1 82 27 95 17 25 23 56 89 29 70 88 65 54 53 96 4 40 2 66 75 81 69 13 85 21 62 71 28 79 6 19 8 15 76 63 74 6 35 79 89 94 8 51 52 40 49 28 15 57 80 13 56 52 95 
38
1 18 20 30
2 14 25
1 13 41 45
2 52 54
2 14 18
2 37 44
1 57 62 80
2 28 61
2 46 61
2 42 47
1 5 18 18
1 24 46 64
1 1 55 35
2 2 10
2 49 59
1 33 44 24
1 12 31 39
1 6 28 74
2 32 46
2 25 29
1 24 45 66
1 60 61 80
1 32 55 81
1 6 24 20
2 30 32
2 7 62
1 18 45 35
2 58 58
2 60 61
1 51 54 52
2 38 46
2 54 56
2 7 47
1 5 26 5
1 3 4 70
1 37 59 21
2 13 52
2 3 6
