77
5
310980524 649430325 929726167 322133176 196533101
452124191 763518207 462580246 389109943 258982238
980842752 382992674 892794173 572244127 863057091
124971774 306543135 142770389 191933270 159536107
109591708 788516987 986057559 843265788 373012497
68607783 73771527 80822244 141931517 256299828
718068589 754793647 24925597 206144721 427658352
192430785 876707657 824231243 267442426 839580350
615767061 984680205 590206166 968558050 305917997
71419722 486349254 956819468 170210221 131772948
983526096 995265329 753395350 865589592 659161954
325077818 267154519 373127455 588293885 434733751
232392454 28760349 268449947 180915484 601136692
828711288 943150441 59191086 853747888 537408902
733218216 152175756 876660879 567136839 808963647
6
643494032 82500842 976061835 572655544 666774373 533856167
864692572 920608556 323549841 697421850 898381181 165234255
260510931 196747384 910449577 231501699 722105695 262459466
105587331 953748130 830126619 889648280 662218442 755024744
258134746 852303978 438934355 107084438 466318980 78485394
984108447 251092378 486969088 831481030 240884404 35232179
272184090 439579433 210691074 269513547 185155881 143501989
67585366 26138235 391089560 478657277 515243043 607495949
952387293 252998921 353626894 434955386 399515546 748385465
9859469 672652245 280876797 988973427 147128760 551309936
59416090 193394780 588700486 285472318 166566288 511206607
465048783 745542553 492081228 713896786 944444868 929036777
55182119 581059167 140625445 74941535 833560016 899308892
802396706 225205827 210866299 607936409 272072083 874043997
672859910 683186708 363959088 992223680 848436161 716399160
375084659 623601024 379295420 226228910 61308163 379942445
841338521 976587450 865022375 150205347 496227469 771202436
702899533 354228893 931657361 474750220 67949866 409827463
5
539451456 996683553 109191115 171338955 164267428
922855551 166832611 962679576 267952015 746799245
21062050 992346049 256909361 940881475 223612707
667864886 550122945 524928416 811479718 677905698
77132471 195313626 297667484 919357017 396235050
408651199 154788823 822248843 323720334 303020618
814577876 336435539 262564360 351544660 327976234
734674418 351377599 640673747 16303846 323790325
417236606 226232555 164917659 360408589 739203995
26444030 134824702 746363049 178730539 605525499
758140542 465861304 621314153 164143009 45139424
353923945 815905659 647781824 121500574 870261117
675212897 515374890 932261250 407655615 993064595
628069645 863549855 695313137 751991027 286646228
719751131 646189886 698489876 652020318 739235663
2
420818261 807572190
343482390 697673373
220615815 190087911
917609877 900779422
135143054 937512778
186115096 211511121
7
458612481 619892641 882307439 950217203 796704699 206430927 682643262
117846095 678841236 851753300 721529965 124905518 961909573 857472808
403942054 699366218 150041180 261277370 766232971 53739478 689400585
241064839 121820226 198805466 516627556 297882714 250501020 79528549
81566970 877305967 812209417 285543419 575093772 33788789 217680129
710269546 219648239 831160590 619050592 847630492 96875324 21512900
854185201 634981197 667812366 645100870 107356150 226430072 256963646
480822840 156187515 338241858 493711235 236175136 347762083 480819779
687148670 156309942 935013972 867927146 206433893 698237036 307226350
438869450 935208152 7588023 731079611 173255078 576434210 530990770
469972802 54672612 957761763 88291828 471546827 317313662 1837312
929792471 832716938 884919233 90489355 848390414 126812985 729555415
143839393 721174355 310363486 278480757 6093182 94861121 330452816
50384045 139810250 550828337 414966552 675383696 401861886 295965138
780447963 42383157 196768032 834888725 24408656 741155430 270022669
62169907 521897401 708017213 645519512 277636739 271204668 35365221
191862539 273298704 375258320 625484678 149460622 576861789 910736880
332259198 219303774 508923423 988608973 479612071 416185306 91942495
916678257 871353929 25963778 305271213 821821508 477025498 257235831
507058830 10589573 435995359 119274548 176607280 316229827 611567095
588352409 1097092 736423914 685874798 162817325 479386813 53765362
4
303445509 57457240 943438637 262994864
58608291 51491092 395799267 709359709
657190127 599139322 367846169 337974135
599701946 166568636 79762273 336144597
217699709 312575411 93532662 33385348
663054790 18230223 772671408 197662329
254140357 565236849 787622287 559199949
242649213 561920145 652534359 221575833
73259232 454601818 98372767 267669432
458318589 408264051 842481964 58002490
374886984 157602072 268300662 174946817
547584243 118104554 945654870 227009022
2
692858305 151081290
971484152 147201387
79507762 569835431
246485476 350262023
517532195 133557496
467408260 839544858
5
90545922 470800717 677219699 5400523 735574446
941993732 463044348 177638372 699345391 260494420
786301146 182449498 52395904 326855887 480829257
615971199 272356216 96591218 469997122 2511541
602752462 221398643 444095196 584145471 604436268
627145060 674933994 998124751 174222212 452069221
32546854 210949694 686335121 163537922 515253355
995828156 418321248 753896013 753066760 627037359
524247175 889810686 971908133 600290706 422752069
284641668 266255325 539303319 84162377 430179814
449831640 4415468 714447860 573824818 862420894
712491312 674556063 398988585 888946708 477446420
192071493 112536415 732160629 169601995 611124312
551586138 656735075 807484232 566241525 232484980
539369080 528270145 759258731 825699142 332318928
7
154521007 269976127 221843668 12406913 614671004 704240295 912474603
353125674 438779153 351282037 698790050 714340564 41186752 271705058
33668942 578315889 336909766 913608073 956993903 132874666 60654516
139275336 337427031 89929611 624115664 428018760 359806883 948261
989253746 818553145 576806602 214869624 294681268 787051578 348029510
43121258 228742273 704596799 330049095 224479661 20327710 544754070
599395314 539214925 742961822 485377152 941114526 833426846 562210234
594871810 377424470 57876619 555803760 297792155 874730707 216764502
253677980 14162206 97412233 792621650 747522730 940068802 642445059
433836539 538267339 146060513 757754433 632717923 623199149 340411543
155301322 469364241 60378988 118897695 614030317 415576778 594652133
967289010 979660100 672004088 976514628 575809672 989133991 47962228
241679690 781486983 149044007 190175557 725907836 239995903 848571750
206770648 238176689 425222165 992387172 178201596 913753624 469334224
345017999 362183951 431961373 250834281 42650342 691161435 585237970
562915075 578767607 891536226 110593801 752742708 502212051 8148503
39705687 747436995 112945020 216699651 614652054 246445664 212580337
718438074 906311624 546544759 789049011 19501016 775321213 70317663
29393958 138737396 38033794 265850161 95169578 947116387 714135411
908516076 979765501 583288220 895147371 868985882 760973855 862114508
506221266 128526896 448351844 740041213 792880596 741232422 732455590
2
319621494 749620380
788860238 61090978
288258004 907664790
297190178 922794828
956369668 308860676
187839461 877210890
2
515619779 995181766
532254346 715278797
642111003 307965601
487082965 733503121
856601584 255134043
969161419 748500543
3
850141903 73615500 564910821
911927315 897864553 911913580
222120103 769796137 112111998
26289588 358094266 564303116
378597201 155993362 117400345
86166458 560772289 296850609
505871082 133884846 948801814
399772262 127045552 913922447
828327289 818309180 468769593
7
658069386 351314703 354492530 73678374 327623504 792859782 636173542
665544950 737068795 62387550 326438622 344208306 620631105 298994236
292059294 340274364 162316052 42617091 594478867 418156540 14503091
261234403 13713443 420353601 783074210 733811848 715177673 216780956
161245286 352323308 2189514 661614919 784454828 837709389 581882166
933317117 846379173 524208508 447581548 304424991 177799494 563063439
143069454 356643639 550551705 102343915 649219473 904236538 180832327
685811935 935027436 327784310 103128065 160527539 81899939 710242390
176756333 938841730 148771813 546765829 782991440 910088186 255441314
265033732 466992251 16564080 859602371 423879960 267194269 814056301
131252597 658202662 802021891 149236346 260224952 358016475 301364636
232677768 23565881 934504902 262159737 439632352 230121940 768244734
349976828 328024078 83219851 748952571 518149265 259915564 457929417
847128925 914388401 587868680 473935411 307615586 447707437 322376406
971449032 735995778 548760201 29373656 784027473 981238314 390789551
320048437 273021532 812278379 893420065 332208275 898664834 321587389
159551812 145033488 509076597 995238464 997315779 403040054 474642018
192064359 325798878 916380303 651039328 216892489 420555209 217965832
389776946 988822101 187259638 442253927 86912033 212225206 798362221
797587420 277350005 213102601 789540920 21225399 589974407 154259571
226845686 401892070 784736916 775964019 255654633 167422235 890781445
5
789870269 261738567 693915427 221896125 573867054
799060106 162159214 546543092 237345541 193262094
300029367 12744013 589992385 608883864 626808961
717787002 131938745 105354173 856787369 714241264
477510229 191729254 342063670 27073255 186411503
785466966 981318598 157899741 842829796 72932850
506538436 88595826 557150100 144391953 304491502
513013769 262836752 939035435 494440335 99847718
612873865 748214173 159880620 331791271 838928266
110868336 603552998 552364185 910792885 403792616
785449326 573965370 976322007 461626444 320721736
109100774 906611008 54405561 506745939 78801432
48199708 462081790 341460098 125199494 660499119
248219946 919995118 172018225 735050458 557156744
145165162 427001435 681939385 461550386 798747201
4
733928159 171651449 122274543 696963357
750115428 331121947 517995323 16582337
303439748 659675151 590696112 373826070
469694904 160683349 593240349 888077572
32015331 683930422 208470230 654780059
871915296 589213495 785951582 561114273
300472223 751755371 900626173 869752596
238175784 725555731 219253161 599300003
184796599 416008234 539314906 202195565
884160518 35545097 80329669 379460486
42835017 827850276 658683169 209048264
87231516 139781625 671661226 401425582
2
194737522 523071270
577172243 219470656
435003667 837443299
841073841 230591562
965063725 609970912
589247172 552928788
3
788416128 311703786 13948794
703404950 247297960 609691655
134902480 227515642 286871831
380984952 603620251 719929248
568347457 320099439 900520772
880973110 62166431 406229611
338121121 590911732 916789442
4399112 699787937 939182370
153651387 30688952 296805656
4
29286492 456727993 664136518 707115628
669543319 540821531 587141870 194366673
872440079 218125240 120175713 559614489
226616514 574545783 761509630 861388691
810443351 505959602 288657335 520748604
20727994 769944262 267597095 584586933
690065219 159941775 599213625 55470549
785457776 338428318 713776956 181757186
438109015 650401961 706898524 304499197
102173490 826457366 652332394 29538129
307235336 820554761 716413816 401324604
45224792 990807966 982847512 751863036
3
181031956 989530390 430772299
208044675 242985859 168228078
133357608 955564763 946744775
467411307 572418301 148792810
983825344 334058121 52263565
544298427 918031401 60094917
579440119 387288004 732939027
905725506 822250071 930350607
884894247 416301624 744934002
2
935196247 688892507
440792904 939458549
66429118 128817821
951050677 544832201
291786945 625490585
671478989 408737279
2
644546410 317206289
88981438 902630373
817882263 68546741
741453722 908685526
491144138 73037238
224693204 860042768
2
255304858 672531421
239690418 154461498
496012755 64067611
694693528 313794281
490491896 497114409
669351847 337832349
3
818026877 8695843 693234376
978798423 923400924 685983968
815688925 677746921 286397028
393642695 711727764 899612763
557329699 865848771 305640228
538095683 308213886 579626883
886264163 320036225 304247826
877808325 416911956 340968055
755220275 46073500 638862949
6
215420502 488162392 552542214 849403965 169470778 490992069
75343316 373344139 261810108 411245736 256988861 245059574
807721065 782070316 755677760 747891615 710219337 206562077
271560452 114879260 133246587 603418608 108308242 278114381
170080206 561506125 286870761 314131321 288625609 262749777
996419650 810955868 203348132 534674845 398314832 179485640
112929264 199792340 274749376 474597703 734023422 530427184
471247200 98749744 335645225 161447695 418480404 938092031
251929361 591134763 48236766 265017116 334120276 136653880
659278389 674761289 61450624 776375932 520404541 750318370
447579458 544680649 430874671 859160005 918860739 96047497
453815253 468471260 775056340 179939843 709685789 804233098
943568324 62800119 709796587 279448108 334649097 720173669
441841326 838159624 180971086 818678089 550823780 855645691
980442951 912643380 374475395 779792509 83649481 181984694
30395482 212396002 120776061 459634348 429433730 811742686
744935622 655858064 906770470 428230653 76478075 105893350
524925634 234152533 908956194 230140323 158357211 489544042
5
924904086 357140267 359535557 199120699 885574657
189177337 649293585 692828015 275273286 826901317
178914038 615315128 870916463 946831037 885152382
342987971 548533567 789245676 130897369 652771489
263835509 121768716 70479298 453434617 150730626
845228761 104318833 235068518 671228390 140417712
90209350 361169483 505776058 986343142 456348746
885258075 790797973 854575719 709342265 476691792
335264419 407841441 937995745 333008172 727919117
21416005 970777442 136051664 843523799 373083478
436729523 279633152 356604680 841302821 623490941
269466768 538114596 536426174 596331196 208828212
767378582 414132763 385502291 805750316 789691342
863042801 796258777 729210867 931820804 964733546
27692938 172816584 674761056 847407293 937684019
3
764695170 328921477 766943613
86705294 140334058 244225830
312388551 219567921 684465705
501910705 602534050 329207102
984689425 221653736 240486757
427158029 728085135 881455748
629326756 25824948 538923658
558693999 706033557 1259857
729742819 825821864 592580400
5
196456626 533114007 141421918 144952436 700445663
11267337 156592911 547964996 332491653 912450861
417715107 11295516 930396946 148212490 882403673
468025609 226966961 117020611 39098743 15183505
808674911 725353242 672026755 112633582 495783922
869828420 979231716 796998862 962067965 331454808
538637608 41293865 48299855 522388026 39255715
345237782 308283742 81749252 235770422 834591566
903363023 758244646 627814895 282109318 80708260
157794725 30822911 561853246 543010217 99247841
471526789 111574184 346069408 826433929 566611395
228605834 140953989 859624542 501612706 22273013
423927684 200134098 920192590 983194710 160275450
315124527 380596777 858922642 654826899 475533222
714067360 898471152 350553624 216305899 9166659
2
117472329 494284900
643669332 556107437
909104541 61321425
799117557 438060483
593389355 807181423
381363277 709516449
3
576424279 546226539 410430581
185304294 66778220 549485758
510182063 167159390 466221857
919874095 26318334 453422271
909082297 836021140 786330921
608523778 499199962 740451924
839946751 65308712 83108337
272178447 929397053 855352077
180874820 123860689 210762923
8
618257745 753389376 186401289 554039585 900849264 757833082 726777643 717593309
429217248 368610120 318729851 83948068 739116347 910959543 111003836 71309522
350989361 6532587 840381080 489780745 644126646 769536228 805375876 73701010
73496469 897740960 364117884 261482660 247057250 165428125 499232042 117271731
997652117 333445722 86603750 159659413 305848124 65652459 12699800 492203819
284058797 609312094 766944931 251063433 66010653 52904508 361892979 616651207
402921707 985041383 29971579 628304363 457636873 932013849 140132079 128052954
862803970 535751285 75826187 796764021 791062038 275451846 856617944 8886106
902628842 428765981 96079358 634228870 828484679 900292802 821463795 798592284
42892751 812454136 164912970 77504892 236959518 886065537 665718584 76898499
942166170 296859060 694664290 197777357 836813021 403201688 342931097 468973532
860070416 728258697 819079129 13692602 199945186 714125122 975562005 75742959
616035294 184649552 23763101 26538001 141837840 976564747 615937539 846289005
82636158 424599444 915182434 245330370 258948587 522133436 131097743 848664630
712575641 71741602 215243367 134895120 650594359 65822498 29009959 982360982
27880865 145359012 753407298 67045785 565759861 478724003 65734505 145549498
745158165 875962095 462937379 683654766 387416686 164625775 842619609 833408688
30131338 755439845 455734464 349074722 319784939 140747168 529326621 827053451
433555613 971161196 223818616 650972580 376629033 202925518 815544090 974054534
229751678 695444223 360652229 696392426 378533056 442539073 29896934 525654599
760127759 106483534 10742251 542474516 823402568 284464978 929049897 850357443
641433045 64680017 407173075 959367768 696572374 652901140 28343787 707142603
994436447 626662191 507261552 814022996 965123637 990896231 989911690 16491006
531996881 356792563 890261361 37761168 375643405 670323651 648016548 364990206
6
263493528 560361359 518969966 150706402 43978800 668683821
192381458 806833026 63941939 112984657 512640953 421105058
257821955 18324717 777709963 201038335 215978483 59770082
934896963 88014266 980900954 987412311 440482033 274402946
12121003 543109730 82882398 278882995 163775463 495003951
275811088 290601543 907437118 40201702 131397797 273710600
797923222 884240184 770668174 982775232 136011654 146721044
730979820 114043490 562806298 55196731 145722633 400291250
626764621 675184528 241382166 288316152 788556660 613963969
322315607 990256743 81489931 558674646 19035900 669172716
977344820 626262796 99291738 770313127 704303038 816848421
766833584 797661970 328467962 425436516 812098662 528324663
658935240 106747142 934456806 437730083 914059634 126733686
215107722 581892600 201819587 1901557 512386775 867382653
570596935 368780412 212095470 930751778 219540766 517824474
471497075 525561605 635406145 715537178 17280398 709812491
333425226 805167010 90774175 356437908 677789619 737708025
777509998 228030120 22130380 871821871 927081998 898649740
3
942089089 573051970 548503649
361835295 737762432 186095288
287869280 980317708 810983356
734091857 204219883 900658310
692042225 893239984 177227518
364261556 328409764 571123927
782933011 319074748 748516358
211556091 272284733 833130421
461292480 835310054 863018716
3
662399398 536623949 158529373
132502793 274971230 472040691
229106511 867373334 288476276
642501493 953034656 157543605
916015810 10844809 217270163
289562715 940383647 801909096
565710330 996314437 299759845
72370683 94553758 535921458
184042209 234281407 653307144
2
836709032 75046665
925662300 37722597
884631766 313410002
575675368 696993811
50692134 921209483
290132107 59556784
3
198405623 342276300 496618361
242615674 974508556 988213784
701045800 555153870 362623053
214775525 425258726 831159141
410699010 420718841 158799430
896119159 399061752 120064877
941849927 883923458 61669626
203822071 657497843 757915041
561906633 955665730 995263179
2
207738813 67174047
918858429 327061208
549719299 114897199
256511096 881192785
684848536 273161158
41373536 966408840
3
42335428 835308498 939056462
643636317 200390048 898269058
543006666 208380580 922469380
889559750 347321240 568217788
60427262 525936725 243256223
725663576 2117914 710867965
646414303 553932376 513977760
976097334 869210929 908718328
765831037 174390699 283667204
3
750766457 931551107 841977704
38543735 815878099 905111078
104464293 820680890 675957968
492712098 790514101 842777478
924849694 708106177 127033289
821412711 211789804 654740642
692671010 94527265 412773951
169596702 456792777 584338950
209851993 306454702 848192563
4
276111969 380666574 361394192 926844647
472341829 117758556 606082475 995017022
483117666 683862640 27485605 818722138
215997663 68372782 98895405 255397272
39907842 539911145 507916605 754186981
596159713 431862416 652146052 926644420
703837804 651407057 351922407 436498586
704589904 819135379 160934629 235843245
529323135 349114206 41327527 28608173
526984726 314112094 694715238 744590098
869551511 917752073 411663952 644608893
962700878 139731352 796309262 904184631
6
525056205 37571535 423840063 588145985 509701706 361059869
542212139 548820896 420078855 146198131 643031023 412691158
340945706 708448615 875179778 472327849 907281186 353826326
536613618 675639748 154924038 723780484 766305956 816432682
570082497 765893023 510061702 986787542 173174772 119805307
274744781 878094067 193090935 168647867 533827814 372938071
388485578 686414453 290382350 615240829 590814188 984844488
394565794 333829694 307294523 966331989 974681032 703491344
948002933 838865632 334739288 709627304 857604692 211957982
247697154 133284164 762241452 92888726 717743330 808863837
758745849 273001842 2537932 671015352 394201663 345796394
903140974 972168728 859041415 851432273 827710955 411572385
414554238 725503310 631786962 870192593 956982565 352303915
339088792 692188799 21075150 218254483 728576769 703303765
769556292 901270108 983346196 729994550 319349769 659235134
223750162 805001452 931813880 360600323 371009062 293976454
935058122 240474599 584452465 260980144 640007816 731528777
961301722 181757393 233220163 444978043 558209948 135286174
2
62793102 331342171
953174068 143548094
128098559 204900653
537108588 48288464
494784944 354687590
622606844 399116056
2
325055285 26464857
606711164 509865859
952613934 996606999
849979260 739089412
441024367 641623657
612813305 208169907
2
621237795 547400646
326582409 477684027
778560543 220281508
252273432 721898074
881013322 33787585
648750734 738321226
5
421326064 618725715 146913942 84912240 314173333
401427774 61476448 343845095 334956139 571100787
974301706 367603583 246976725 395778562 653018440
241767309 753417354 710895038 699924980 1705521
852303262 177643381 274587219 578299316 60163258
912383210 642875613 282594102 446261607 718243971
942571612 312995043 663981870 297585515 917410638
644823120 425915430 359966962 617138750 942269291
340853239 933603732 449806585 716679826 951358231
424490256 341134158 469337393 285246841 202336739
835305575 923894283 329090586 739021208 167839164
442208106 456238901 715185054 207179023 284104865
360179158 985989799 380166582 929463588 606702325
225046138 774833267 802573361 603588968 785057943
455889867 689574863 892840248 893689575 791184392
4
90645076 607711317 188102221 936540618
841644604 269211469 317335899 415514373
417188511 930160254 242261507 857340491
455374619 300858996 547081002 642159124
230849809 958869429 85104197 634985102
441315447 475776610 461049534 56443211
802531634 661579492 516807434 891803975
21071115 959983721 734817572 383008736
163829284 333031496 278959244 163962524
574655488 697281674 359822555 754163134
130427213 208595484 268281269 974352885
414847155 254953688 155730674 681772028
1
200725195
374943598
299266140
6
772391229 989065458 797901809 922651073 551635992 890305668
533548446 553097633 408923231 891768142 544490351 993367028
27625630 672742881 120457142 108953293 123030221 403862170
130501224 80348810 724572254 360169660 249558046 32107655
145763203 89137073 184111930 744880708 6489770 253801544
862460487 482593670 585183615 149173655 99181823 263620523
76070733 211579340 88633004 537480891 199030305 221148955
79449319 673844535 414550812 42893344 251346130 631253690
414491870 62194022 332084913 145850430 876440741 519669235
594987030 931797399 87766368 443712561 742011349 261993131
180520153 110523773 192790939 529859493 832007942 254335980
551493358 219434484 724379322 270956445 83399192 927884004
916270334 943875924 596620536 908826764 340275410 652545532
972770709 802189678 600595487 646864227 866690219 101235428
208759314 428354541 335212280 828098854 585753636 957013143
151110294 493155252 978085940 21288739 161626755 176162051
77142946 969875616 625155328 660557357 65542704 626753331
385497439 24123145 369659589 290519073 794629530 175799241
1
430194155
776310367
749828677
3
304192436 170350731 474705979
985855388 571468300 677983145
228573912 765699123 68289617
173385519 21877151 428680171
183760861 10123792 440241577
637269948 51258546 262518299
332140292 396440970 221631996
197734189 825859488 18569126
213200467 394584755 755135660
6
726368908 634089785 957532494 467390509 783051136 53736525
605474786 342820139 372748004 238551406 592016014 698059688
387206722 140468405 82091045 84801539 386257827 889422529
485787969 372735464 746781112 251411499 89478718 221941431
37520407 792104164 924784314 798761544 996746806 254534511
825619375 235406605 410276500 58370219 977078439 251841281
621095729 922472672 49473638 397574487 97491754 789754875
813736997 178529686 104980482 647973402 62776484 231632556
229120442 211433215 2273135 847523254 775342921 495939662
113750375 633587617 900831963 486071364 885955777 799882073
317570895 744221197 865395556 127113368 793183881 185582576
213647395 119398033 585780465 210905981 145094313 119367541
627744966 954737698 853250059 391491108 215148752 520692466
713375102 940709387 574223342 861693408 618341152 830284584
585161626 377532769 985893295 606984689 493395814 641328636
352568954 11286511 780933011 557491585 448432788 82422420
446026599 900322644 37685702 259321098 108359001 922574704
643854225 241402838 405673718 309075834 6319983 181884009
3
537166267 45255818 573158769
364221590 12552950 95010540
945701021 523547828 75275062
528291597 797387403 62387411
898368762 969316570 295615677
295451696 732931314 799729049
368154763 397642496 836208611
127797263 408196751 883123894
803422622 469410778 444975150
4
544003038 99314875 122918470 511222914
558994782 817211645 125746897 722291477
63776009 672538361 227668550 783398780
783210562 504433629 136743300 554699455
162801884 9727048 444872373 751466631
396516401 470603179 743401988 123728561
904369 106632284 450758038 120673037
134760326 96113530 726524513 482407044
526263343 697451412 131279568 136822806
38347868 970258958 689075238 553665569
701270499 683991008 459957531 268907464
949275054 446306677 880084123 424802427
5
26232160 122823765 610439934 493529442 500034787
382588666 129064766 388769694 885290366 239808823
282487543 803635982 271362728 326952863 230405528
836733816 522998082 692695699 455675319 60206582
484055629 641240147 437507037 83043134 75541238
560997229 993933123 851063747 560365872 383034623
324027404 204627586 566580074 211371661 336784002
696926802 412197882 117925059 419099770 471071870
41855433 794441172 3562567 527241208 57768677
510600562 851531158 394119500 904870957 763249491
627426402 816630568 822929965 196780096 633572773
137345304 406590961 586421715 459514415 463830972
841729229 938565733 924184370 306958804 269112067
582849888 756791121 484789671 861427273 240335756
153164407 590835637 437205821 890366882 865547041
3
565600326 663731187 994538892
1509804 892354866 602860909
971516493 497376653 301753202
110766907 878506839 33175722
952199606 176845927 391337037
341940796 46648890 747547389
537037471 673883098 428354507
557280284 863474770 872263157
192511771 585927863 125133025
5
635465297 122832573 167250 816916504 235193191
284006832 413064017 700875851 563234597 217892795
504009547 513739766 326060732 811024709 203956406
39335792 58516341 483221096 490690510 441450465
17709089 788316549 169635140 658397116 292540289
696746326 685032538 449962847 265738011 526266826
784974859 299015152 225523542 315512119 641061684
103736924 100126707 416717442 274741821 227010864
798585637 122111815 874144767 228256675 662404935
524548214 489791079 17968385 22333125 438542779
147637096 148870016 297729286 846303599 952969686
453837410 898450527 275778598 949581221 541136469
373240061 36866521 481859500 890661780 316377160
714424382 181303807 762481530 344558794 376106564
89305269 584118989 198050903 272527344 366078948
6
580616270 768248933 443535000 541946560 867560083 901543208
370843035 213552100 111875978 746644427 475528674 421813855
115141502 862878439 775608119 886420712 209664947 482793444
617559445 117048542 864323618 896509159 943375447 358064066
853628825 411510948 212200664 246023016 215091840 605801772
997531538 2235443 159412073 317980909 372173357 273952045
432116457 930847752 191784261 496958013 16868846 914401189
546938684 298703270 250417297 449861160 529002000 488500727
175477848 144820980 46685230 192612457 920944538 630056189
663419366 576756097 750302885 409630246 231092784 989703780
269864173 394479078 902662068 108477871 226090670 303919075
198918186 145097052 674813483 192795144 239557914 838272538
755492824 768782188 26241127 66946810 84036763 133201231
265090934 651520940 135217825 488600223 213728622 375321207
665194323 487293954 333471879 889359890 494634404 379698997
97344631 584878062 503968845 407032988 7109523 311669435
635190239 316939302 736128782 5565772 930729514 199957187
588842803 723117490 142426123 773283624 913366083 612531271
4
163411475 365317522 123900349 185869283
641360917 145879889 536496505 436215937
875502520 173218699 983559544 361665949
29920964 272200885 84889031 11797850
556732688 202213328 370772688 579295264
655735892 146769941 701756473 297183040
774207874 224355184 689584072 268036567
798352024 309767382 937466933 314301261
643795415 37671 538741778 301874025
745088908 604381012 700257805 635352776
315217386 601505299 911689238 442145012
705611803 17358673 439573137 929535188
2
428763094 827102753
638623226 146817542
417140107 282454309
722002859 73476716
80724964 45770332
273190525 377360449
6
780241688 223424358 331012678 31807294 956455787 450025616
189870782 624239199 113278677 797803319 78047712 401023999
223355360 973149679 243315937 531773524 161595694 57930986
661062260 152891954 725575103 699527059 896044037 666155258
758632168 979947252 834476560 482055598 667519280 846509637
509368470 901032661 965561644 773143542 593010504 501736845
860138312 635809302 777343942 722553227 932656301 288248652
844097472 486923328 250521871 15488608 71479933 568072385
546110646 814392350 139398107 825087664 965026602 506679706
390185425 84664552 413163042 221577348 339674186 437667453
65720612 83026905 180228551 598291180 3114778 389896680
609778670 185632583 913689844 120005129 904011908 470934404
158139475 968910220 468581867 605649344 503995558 548643542
345376649 647060214 574409960 964683674 784489420 593175011
767670592 903046144 899423740 165993361 445240653 1998275
218504997 92548366 872609676 622906881 388425409 455663087
343434293 677136665 573497027 635606103 373197744 407404835
844823031 975807491 872522845 884209784 909833077 169707335
5
336548888 985856403 395014487 104688937 490550352
30819435 976963164 316563790 907477202 972750369
146275960 992146651 397143622 911774202 731281543
524508178 682681086 26065944 219989938 728194192
819074354 553365091 258228874 316358542 520260860
427231867 565067928 876673147 635089580 147154727
852349943 818272131 444391607 127199734 695741756
475300391 17378619 545351546 232482603 2369937
733839292 649601454 772770032 545983768 183109219
389086973 539113842 262648966 312521459 818826529
673798269 915824315 914482391 945988778 757876106
485976206 103545444 257275350 455293271 389862862
929434466 439576455 564808319 577680168 993649815
975684735 132302873 77239645 13453674 846080705
853810459 560672079 432472082 661002397 434201925
4
497556789 369406724 481651002 222556572
19423021 371470558 255754509 112380538
538635703 100297416 850542248 787964452
609205988 782702669 224303782 821178746
466591015 616773414 74689779 181130545
893384527 384088660 22896225 374622779
31439132 705778837 312581829 14565721
365058745 889564299 160860787 781843230
987845085 542475508 500244742 232635938
257214276 879501672 926295940 177514817
560871612 141411937 459174556 645232234
428975480 118879504 517077656 75096488
5
234293658 143274655 208388271 418211784 451009193
309498007 978492779 655556512 262848949 277163725
55463572 354486525 226062613 496385487 308054264
976618393 238002171 581316477 223228418 666958345
48068466 843693304 5443536 379615882 116527084
94548139 936034680 768707160 599681023 516103687
23477640 275907135 144186304 56857637 375598162
878525622 540333487 109049917 918205429 327559384
384850537 847507817 680002942 275471635 496034030
913915027 810216043 506281968 295059576 859517820
909966492 61492635 139109786 458132422 799480015
166371005 472823706 112101818 482344262 34207334
821026253 134293687 722931162 204694192 797721787
584166662 338341265 382933418 273289215 345987877
373391704 825420852 150253972 652770557 896625262
7
507206057 155778637 435857772 925098641 725651655 522208602 133277597
58126523 246043342 305735074 474344198 385071436 156653904 967487607
382679750 856091042 749329180 847285649 260387491 736309465 534536726
567715961 476788670 36629892 358070506 771619421 800911968 682348398
211459015 615837458 248798087 56093333 685922095 436710468 572408231
932068622 969087923 628475027 356575797 761506949 219796167 801635722
125001336 134247718 407110279 142218150 959115841 153200397 159503817
500001458 741453416 11782771 194262724 188125809 338748686 172803000
320134555 204037080 478398233 971203079 506182296 989377153 848741007
921925756 613753855 517448315 132858320 140812727 961429357 138496741
724146988 124704926 917200915 316401216 935009363 73836668 438392820
937053753 656140589 573014443 307501970 763859142 288199999 494277080
21102706 312483230 376504986 190201589 871698845 678255561 268463640
793538304 602605604 255614814 958995517 320403624 869372522 388463089
419506637 894716547 400795406 716294526 759262978 44542978 204576891
355666656 47088348 444715364 956526332 263486329 839428208 431644649
581729019 174589273 387560982 670095952 55004146 70485269 994930157
807076345 489483476 646539395 572131969 992504678 871375038 777126155
794130569 747768400 267364458 22302212 425487995 289651025 583043192
997463061 490545016 556552789 347831000 1664321 570709277 204339489
565390567 988467016 719379614 335036861 172854634 962330945 336346171
3
219862628 842612405 925774097
244387036 543391649 682873918
440982077 217503525 289626660
26426397 87339845 34077158
570571213 58503987 442854472
631266982 916508846 948067045
697468731 318919232 15216692
222774508 951324525 473811201
344549992 407043277 173706544
3
319396086 744117312 89329697
494583145 662894268 58625222
634697581 894263325 951372900
129041915 377509683 905783252
515929688 59054744 188958963
185562885 181212022 657504896
596388908 158614894 852551324
218391333 193386224 39096460
412350535 810564972 809924006
2
508659277 415855350
375089828 291210484
344100884 825858270
82730832 282386541
106147803 127019742
285967452 454093734
2
10366903 975988959
931806338 651906972
778225601 264304622
659819827 936915619
566760985 973137560
292881773 797514381
2
600426767 209958149
225350031 44665640
775125831 389692763
856937009 853289972
303594826 326981375
24277592 422985645
7
798778402 372416032 776229083 24826744 241514878 504627258 628011130
550845210 775299173 799529028 872385941 109483092 492606856 663348776
982327414 913721846 265475578 510868406 350134739 414669999 132990983
338982629 216928111 269644638 995474325 158385262 409682258 693300814
920554367 387670597 342480734 227276298 252620103 924444400 928379453
173379308 787191017 2841969 764522428 975254371 462884256 559436376
869531930 782756531 597819386 496766905 881035624 502113686 975952950
4428740 339411998 626059706 322355362 939913747 132987200 163444589
600238276 519073244 990667161 396384806 134918699 780611567 531177939
795814643 987586280 526504716 281202285 81546693 163408535 792299500
841699918 285362622 714060892 141080501 80567408 260450928 869345204
682169020 849978293 373155386 133811889 791476967 196428810 529763233
634335388 127501833 898489926 144325528 870036442 968716212 99946332
187968250 963492022 166208412 957618329 538612404 865420720 971644878
665231424 164062400 43093473 284342498 441364852 949007345 916824220
525140621 100702488 660742942 963696571 189847968 497137121 835976292
685462874 352493658 381967416 664064981 994866859 728229468 101055476
25720960 853208926 412647088 479091104 202586587 797234541 638529830
818637385 232123763 784477407 122687312 538148251 682054757 71205587
892988853 638576986 91331499 716096409 756650998 742020557 429829684
910429637 734363943 865413789 906296688 702385251 895219087 27999227
4
182596275 595478655 379091880 835019073
585273535 429127848 121876632 623980436
571434135 939690736 415531575 269115695
378128616 416604421 886830015 317106182
390880932 375271584 442695798 42684108
872416485 7980282 358722910 326878520
11733731 430600077 71839432 195313267
293799445 602364757 553286610 344959388
902746176 54193983 274956287 402240799
21573420 207170901 446720200 146864437
465442118 431601673 22527847 306753143
632209923 285599091 718224747 799733984
4
589533765 391191395 395549754 379311823
50552365 506498489 296068503 623821847
391371350 942193713 947138344 466711398
148479201 579011010 877210981 420969090
394293416 119710036 126482861 973386626
442955511 4937154 613352955 905785146
222048469 528753894 184371097 828075994
633221808 281160272 747391434 708267779
511238879 755053697 752038172 88630611
584535125 389442958 204574617 46932526
436285419 16270443 64276240 471555672
798524589 248500692 416625790 800858867
2
221170524 823064027
176157966 89118663
49033442 33027062
787062526 129914473
617941340 657852821
985504085 771242057
4
647817189 688144538 845162211 701512457
879417236 324651603 876769352 470249832
389701466 900969929 322813141 978698479
82192539 417477777 924501231 322291168
969273099 337491430 233486220 375526241
368311531 673809737 963095732 945880803
145617449 153524934 248238153 384909944
850915961 245386342 701610688 35752077
54398880 782060659 187289399 774111713
596750032 683309413 433806032 42655166
833629331 953222514 45881980 113864219
693128719 306284397 202323477 993913662
4
153790114 781768146 169983922 13725747
651019002 296990378 61419276 301284410
73347092 70518198 803728831 428203223
622168718 897185481 496359285 342829055
420760577 415922470 280205179 715670587
185300894 239599668 173338994 782490342
759199647 613122719 224824251 982281152
112948897 185345662 310804012 213485458
427520338 842733901 573515325 704863321
951250525 782298817 765433451 168429214
53528204 656458414 150898460 633077069
371623327 199494358 672087704 383552464
8
30471326 477264695 265112324 432823947 730200918 542766643 257402508 381209296
937640113 95491848 416636880 640237905 423423627 593902436 616062022 628959944
167881873 97067000 531875181 98838421 88454987 115589960 616222058 415378944
52269474 630935902 437417660 32178220 558762789 372282719 169023810 121995946
837554334 300245408 266716145 107434602 115185930 125971486 235272883 157690195
43375843 416675069 61100750 861484531 187215115 408008048 719986901 380347955
291789116 366995812 876048472 635188455 699410097 659464333 856201525 928920789
485207214 168192222 278496712 345163714 271769181 191347434 827700154 994202881
919168490 348570749 118220900 918655198 610480575 795516919 705341576 99812115
50397843 836502039 411027365 214280037 42021960 856283893 153357940 174305546
293727824 602924767 212460339 368284827 725883412 666834466 395376808 619324958
36867986 443706438 651948830 749101176 365953739 397600309 231916160 188563825
48242846 391843199 173922715 929498724 762555077 562826685 220176644 248901676
297618493 387412639 216216698 161625345 134749914 558654349 77625007 665281712
899969374 242433116 7128317 850995582 410631029 64174973 187112163 836783653
6709570 147391624 92903170 711419708 934322889 146320937 54716677 60804734
784256644 518812997 708828096 782502820 407399448 284632656 262255929 826110666
180008043 121752306 362431267 763973655 676884643 549244698 777449321 723264229
2261564 930962333 794971874 935132786 371609157 955712141 302719700 971496942
951385622 91240523 233273374 449782016 714697365 236706647 712569078 551334783
50451886 378248984 188577782 414571534 577537824 885504735 519693223 872782873
98035134 690323863 755131533 994849299 608300205 858499024 258452375 927623543
159979350 689733975 127371245 959254005 671978280 99215033 40545533 934694766
724884204 619021122 814912736 474287737 647594819 264391178 492804647 912412340
4
687431042 106631920 875955538 173838429
323492714 901895396 73196116 195676078
536857054 16690835 92739131 711446122
776982788 470861629 126876111 913236256
5781937 28236544 215246435 894935783
220720415 804689348 630868535 729612291
958417585 382250045 230048509 385450582
426303169 766906537 621279007 216496644
540926572 859805031 243718307 110791620
84131847 276484506 744469114 854032544
472567123 34278285 929706926 87418804
131601455 254789271 266363733 735340270
6
613988253 182970112 200886859 819227040 558538066 655310956
419378741 588778855 236885611 683406754 692352728 599623076
554368550 995735847 995490867 810101817 457678554 825799281
118441801 192460921 722386860 57944762 661512760 297613506
791926827 643923750 151736273 379928323 557290350 722902678
668735247 443503145 434826283 473842202 34962571 893184637
628757590 731891085 150846184 650452386 211788549 353827194
217762425 592471704 643417164 118251793 810549055 106469379
321643424 979807503 951746208 721287648 915883459 449481748
605600728 325031758 759224736 109830245 59290560 150496059
18275698 261810465 538224227 15060278 893660006 884988340
413614059 694659561 762281135 444241340 153124276 158634430
582169408 996094063 271289199 24900997 196330911 401936908
11732807 721623912 667222900 202707077 717026410 322307481
644954601 860411107 689518506 696084875 630500400 857763852
784732322 336897894 920164411 402108397 815574037 8168735
912722617 517641239 531190947 711878863 658840729 415326224
785688518 170506560 290397990 845328416 978403384 196111034
