100 100
91 96 100 87 95 89 100 100 84 85 85 84 79 84 77 86 89 75 79 87 81 73 70 80 78 67 65 79 80 76 67 65 69 75 65 67 61 72 67 65 53 60 50 60 59 49 45 54 55 49 47 43 40 54 53 54 37 34 41 49 46 44 38 29 34 31 24 25 26 29 26 24 28 26 26 25 20 14 25 19 19 12 12 21 22 5 10 19 13 9 4 18 4 1 13 13 12 1 1 1
1 2
2 3
1 4
1 5
1 6
6 7
5 8
7 9
6 10
9 11
10 12
12 13
9 14
12 15
15 16
12 17
15 18
15 19
17 20
18 21
20 22
22 23
22 24
23 25
25 26
24 27
27 28
24 29
28 30
28 31
31 32
32 33
32 34
30 35
34 36
36 37
35 38
37 39
37 40
38 41
39 42
40 43
40 44
41 45
45 46
42 47
43 48
45 49
48 50
47 51
49 52
51 53
52 54
54 55
52 56
53 57
57 58
57 59
57 60
60 61
61 62
58 63
59 64
62 65
62 66
63 67
67 68
67 69
67 70
70 71
70 72
71 73
69 74
74 75
74 76
75 77
74 78
74 79
76 80
76 81
80 82
78 83
80 84
80 85
82 86
83 87
87 88
85 89
87 90
88 91
88 92
89 93
90 94
91 95
93 96
95 97
97 98
96 99
96 100
62 1 45
69 20 31
7 1 87
89 31 11
32 10 64
48 24 50
53 6 38
5 5 100
98 22 11
49 20 44
95 47 15
35 27 67
41 28 61
85 1 21
91 12 6
14 1 79
70 10 39
90 34 20
61 24 39
17 6 84
54 27 45
8 5 86
63 20 33
86 24 22
46 22 59
29 24 71
82 42 24
74 37 29
99 93 5
44 22 63
22 22 86
26 10 80
75 1 21
32 20 73
85 36 17
98 78 8
17 10 82
74 51 33
91 37 2
89 31 4
84 57 17
33 22 77
6 6 89
26 12 74
59 28 34
12 6 84
91 83 5
67 47 28
5 1 100
48 20 60
10 1 91
17 10 79
54 12 44
60 51 36
56 22 47
12 10 91
50 1 52
79 12 18
88 78 3
3 2 98
56 12 35
42 34 59
88 1 7
77 58 28
8 5 89
76 24 19
72 24 31
77 20 20
47 47 59
80 12 29
95 10 2
94 28 11
66 6 33
63 37 30
66 17 26
65 61 26
19 15 78
40 37 58
51 10 44
25 12 77
73 63 31
70 63 28
59 22 51
38 28 57
58 57 40
61 6 38
18 15 73
8 8 99
24 12 72
15 12 93
14 1 88
45 24 48
34 31 73
12 10 88
80 53 23
94 32 1
67 63 36
25 10 69
56 38 50
40 1 69