100 150
21 72
59 38
55 42
13 35
26 97
97 34
92 27
38 76
99 29
8 74
15 11
53 64
67 82
79 26
90 77
15 44
42 55
15 76
43 53
56 91
52 76
28 6
54 62
81 24
67 57
44 50
63 12
4 82
4 90
12 56
17 85
48 3
48 19
31 30
95 69
58 33
2 11
81 87
50 82
91 97
56 82
79 78
18 16
17 66
53 55
27 80
59 64
75 59
10 82
54 53
22 6
77 98
38 89
20 43
87 80
92 98
9 18
16 85
46 22
64 60
44 3
45 37
71 84
86 72
71 25
95 30
83 5
42 6
26 7
52 92
32 37
16 71
89 71
89 66
12 89
100 75
18 48
11 88
4 87
1 92
46 86
61 59
33 26
74 91
73 69
41 99
9 69
17 49
30 52
75 85
1 22
68 7
58 11
27 4
70 13
23 52
84 12
98 30
79 68
5 88
47 55
66 54
32 44
40 29
96 94
83 10
73 52
77 85
100 54
37 94
70 21
10 32
13 22
31 71
84 90
45 75
60 50
96 1
65 78
49 88
43 73
5 50
34 99
83 28
70 12
78 34
40 52
95 29
20 18
8 53
47 19
23 4
41 16
94 47
40 66
28 98
45 74
60 49
20 53
68 43
14 28
61 28
67 2
57 84
62 50
24 63
41 95
57 73
36 5
2 78
