100 150
69 66
18 37
23 31
11 56
11 13
46 74
80 9
84 97
22 17
78 51
77 61
34 43
30 75
69 43
86 73
34 92
35 45
24 84
66 15
52 81
28 51
46 84
60 5
91 99
58 53
68 40
83 8
49 56
48 28
74 7
75 50
86 21
20 97
42 33
59 79
50 10
17 91
19 33
42 98
71 93
79 36
81 14
9 89
20 49
6 54
83 26
42 97
18 91
74 5
23 55
9 17
37 38
49 54
3 4
60 14
96 24
57 81
59 20
66 67
29 39
40 32
47 2
30 25
83 56
95 54
73 29
69 53
77 87
23 73
39 52
75 93
76 89
31 46
15 69
100 4
36 81
41 42
67 38
24 87
13 63
7 27
38 56
31 83
2 23
76 36
78 70
89 44
100 50
51 15
88 22
1 69
77 17
57 15
67 17
19 62
5 82
32 71
26 74
64 87
7 47
85 60
39 28
29 54
79 80
45 89
32 51
90 1
3 71
98 46
14 20
3 35
57 71
96 36
19 8
44 69
1 40
90 91
58 22
88 98
26 56
18 10
21 66
21 25
25 100
34 38
76 64
4 67
8 2
16 17
68 47
68 57
58 51
88 97
94 35
92 2
10 53
80 63
65 61
95 75
90 84
41 26
96 67
94 41
37 94
30 54
95 58
16 61
70 53
52 46
43 83
