100 150
39 20
50 65
60 73
68 51
46 26
32 2
19 44
9 19
58 44
74 3
10 46
7 49
71 97
63 94
71 46
88 50
36 8
73 19
86 9
38 14
51 76
17 42
80 82
69 73
27 58
60 17
25 100
6 52
56 17
99 66
80 75
30 8
95 86
56 87
56 39
61 80
21 74
47 67
14 64
5 42
23 60
76 74
26 86
90 67
48 2
90 12
6 90
79 31
78 35
76 42
99 23
64 39
89 56
50 72
78 33
28 52
26 63
6 18
15 6
64 47
2 28
51 83
71 3
48 21
41 9
66 11
87 81
4 96
83 52
94 26
37 16
23 81
58 91
91 88
20 13
45 24
100 60
61 1
22 25
14 54
99 69
100 19
22 85
37 65
43 61
38 52
40 54
32 99
5 99
88 52
18 92
40 73
62 61
53 65
35 68
32 42
94 17
10 54
18 35
25 45
45 58
3 8
91 80
49 27
47 24
12 72
49 16
31 37
38 80
72 43
87 48
81 53
30 34
92 25
84 73
21 43
66 22
82 66
95 12
4 27
92 22
13 58
36 39
59 68
83 92
13 10
84 54
34 25
82 98
4 27
67 33
63 32
84 51
96 48
16 9
31 36
55 81
15 34
41 49
77 76
93 13
79 17
62 65
44 30
28 34
69 38
24 64
97 26
75 5
93 71
