100 150
82 3
3 33
65 56
73 48
50 94
48 90
3 26
37 1
45 73
25 67
66 6
51 88
43 22
11 6
62 58
27 25
1 71
70 89
30 2
57 21
79 42
71 9
91 75
62 92
51 30
25 24
77 40
11 74
36 98
7 55
90 21
65 16
67 64
20 60
18 75
8 42
78 11
56 84
37 69
26 90
36 59
6 66
37 28
20 22
75 79
71 86
32 73
50 29
1 11
57 59
42 89
44 45
70 38
64 60
72 88
53 45
74 59
8 88
41 91
21 79
94 41
56 53
27 86
31 80
5 45
89 77
47 6
87 79
63 41
47 12
53 45
63 78
82 27
4 89
69 12
57 63
67 27
55 5
76 69
39 91
48 27
60 36
76 18
47 63
22 42
44 86
16 24
17 37
58 79
76 52
8 89
40 35
84 2
34 97
46 83
99 37
80 97
24 84
38 92
34 99
99 95
51 15
94 90
95 79
5 81
50 21
18 3
7 88
30 29
23 17
31 71
38 39
77 5
16 86
15 73
98 6
19 64
62 43
96 33
87 80
10 48
87 13
54 79
97 81
23 58
40 51
78 89
28 99
95 92
20 71
23 30
26 42
81 79
54 83
85 79
10 62
14 28
32 50
9 91
55 34
7 1
46 100
93 94
43 71
100 32
10 51
66 33
31 54
12 18
14 56
