1000 1000
10000
845 168
7949
901 901
901 902
901 903
901 904
901 905
901 906
901 909
901 911
901 912
901 913
901 914
901 915
901 916
901 917
901 918
901 919
901 920
901 921
901 923
901 924
901 925
901 926
901 927
901 928
901 930
901 935
901 936
901 938
901 939
901 940
901 942
901 943
901 945
901 946
901 949
901 950
901 952
901 953
901 954
901 955
901 956
901 958
901 959
901 960
901 961
901 962
901 963
901 964
901 966
901 967
901 969
901 970
901 972
901 973
901 974
901 975
901 976
901 978
901 980
901 981
901 983
901 985
901 988
901 989
901 990
901 991
901 994
901 995
901 996
901 998
901 1000
902 901
902 902
902 903
902 904
902 905
902 906
902 907
902 908
902 909
902 910
902 914
902 915
902 916
902 917
902 918
902 919
902 920
902 921
902 922
902 924
902 925
902 926
902 927
902 928
902 929
902 930
902 931
902 932
902 933
902 934
902 935
902 936
902 938
902 939
902 940
902 942
902 943
902 944
902 946
902 947
902 948
902 949
902 950
902 951
902 952
902 953
902 954
902 956
902 957
902 958
902 959
902 960
902 961
902 962
902 963
902 964
902 965
902 966
902 967
902 969
902 970
902 971
902 972
902 973
902 974
902 975
902 977
902 978
902 979
902 982
902 983
902 984
902 985
902 986
902 987
902 990
902 991
902 992
902 993
902 994
902 995
902 996
902 997
902 999
902 1000
903 901
903 902
903 903
903 904
903 905
903 906
903 907
903 908
903 909
903 910
903 911
903 912
903 913
903 915
903 916
903 917
903 919
903 920
903 921
903 922
903 924
903 925
903 926
903 928
903 929
903 930
903 932
903 933
903 936
903 937
903 938
903 939
903 940
903 941
903 942
903 943
903 944
903 945
903 946
903 947
903 948
903 951
903 952
903 953
903 954
903 955
903 956
903 957
903 958
903 960
903 961
903 964
903 965
903 966
903 967
903 968
903 969
903 971
903 972
903 973
903 974
903 975
903 976
903 980
903 981
903 982
903 983
903 984
903 985
903 986
903 988
903 989
903 990
903 991
903 992
903 993
903 994
903 996
903 997
903 999
904 902
904 903
904 904
904 905
904 906
904 907
904 908
904 909
904 910
904 912
904 913
904 914
904 915
904 916
904 918
904 919
904 921
904 922
904 923
904 924
904 925
904 926
904 927
904 928
904 929
904 931
904 932
904 934
904 936
904 937
904 938
904 939
904 940
904 941
904 943
904 945
904 946
904 947
904 948
904 950
904 952
904 954
904 955
904 956
904 957
904 958
904 959
904 960
904 961
904 964
904 965
904 967
904 968
904 970
904 971
904 972
904 973
904 974
904 975
904 976
904 977
904 978
904 979
904 980
904 981
904 983
904 985
904 986
904 987
904 988
904 989
904 990
904 991
904 992
904 993
904 995
904 996
904 997
904 998
904 999
904 1000
905 901
905 902
905 905
905 908
905 909
905 910
905 911
905 912
905 913
905 914
905 915
905 917
905 918
905 919
905 920
905 921
905 922
905 924
905 925
905 926
905 927
905 928
905 929
905 930
905 931
905 932
905 935
905 936
905 937
905 938
905 939
905 940
905 941
905 942
905 943
905 945
905 946
905 947
905 948
905 949
905 950
905 951
905 952
905 953
905 954
905 956
905 957
905 958
905 960
905 961
905 962
905 963
905 965
905 966
905 967
905 968
905 969
905 970
905 971
905 972
905 974
905 977
905 979
905 980
905 981
905 982
905 983
905 984
905 986
905 987
905 988
905 989
905 990
905 991
905 992
905 993
905 994
905 996
905 997
905 998
905 999
905 1000
906 901
906 902
906 903
906 904
906 905
906 906
906 908
906 909
906 910
906 913
906 914
906 915
906 916
906 917
906 918
906 919
906 921
906 922
906 923
906 924
906 927
906 928
906 929
906 930
906 931
906 932
906 934
906 935
906 936
906 937
906 938
906 939
906 940
906 941
906 942
906 943
906 945
906 947
906 948
906 949
906 950
906 951
906 952
906 955
906 956
906 957
906 958
906 959
906 960
906 961
906 962
906 963
906 964
906 965
906 967
906 968
906 969
906 970
906 971
906 972
906 973
906 974
906 976
906 978
906 979
906 980
906 982
906 984
906 985
906 986
906 988
906 989
906 990
906 991
906 992
906 993
906 994
906 995
906 996
906 997
906 998
906 999
906 1000
907 901
907 902
907 903
907 904
907 906
907 907
907 908
907 909
907 910
907 911
907 912
907 913
907 914
907 915
907 917
907 919
907 921
907 922
907 923
907 924
907 925
907 926
907 927
907 928
907 929
907 931
907 932
907 934
907 935
907 936
907 937
907 939
907 940
907 942
907 945
907 946
907 947
907 948
907 949
907 950
907 951
907 952
907 953
907 954
907 955
907 956
907 958
907 959
907 960
907 961
907 963
907 964
907 965
907 966
907 967
907 968
907 971
907 973
907 976
907 977
907 978
907 980
907 982
907 983
907 985
907 986
907 988
907 989
907 990
907 991
907 992
907 993
907 994
907 995
907 997
907 998
907 999
907 1000
908 901
908 902
908 903
908 904
908 906
908 907
908 908
908 909
908 910
908 911
908 914
908 915
908 917
908 918
908 919
908 921
908 922
908 923
908 924
908 925
908 926
908 927
908 928
908 929
908 930
908 931
908 932
908 933
908 934
908 936
908 937
908 938
908 939
908 942
908 943
908 944
908 945
908 946
908 947
908 948
908 949
908 950
908 951
908 952
908 953
908 954
908 955
908 956
908 958
908 960
908 961
908 962
908 963
908 964
908 965
908 966
908 968
908 969
908 971
908 972
908 973
908 974
908 975
908 977
908 979
908 980
908 981
908 982
908 983
908 985
908 986
908 988
908 989
908 990
908 992
908 993
908 994
908 995
908 997
908 999
908 1000
909 902
909 903
909 904
909 905
909 906
909 907
909 908
909 909
909 910
909 911
909 914
909 915
909 916
909 917
909 918
909 921
909 923
909 924
909 925
909 926
909 927
909 928
909 929
909 930
909 934
909 935
909 936
909 937
909 938
909 939
909 940
909 942
909 943
909 944
909 945
909 946
909 947
909 948
909 949
909 950
909 951
909 952
909 953
909 954
909 955
909 956
909 957
909 958
909 959
909 960
909 961
909 962
909 965
909 967
909 968
909 970
909 971
909 973
909 974
909 976
909 977
909 978
909 979
909 981
909 982
909 984
909 986
909 987
909 988
909 989
909 990
909 992
909 993
909 994
909 995
909 996
909 997
909 998
909 999
909 1000
910 903
910 904
910 905
910 906
910 907
910 908
910 909
910 910
910 912
910 913
910 915
910 916
910 917
910 919
910 920
910 921
910 922
910 923
910 924
910 926
910 928
910 929
910 930
910 931
910 932
910 933
910 934
910 935
910 936
910 937
910 938
910 939
910 940
910 941
910 942
910 943
910 945
910 946
910 948
910 949
910 951
910 952
910 953
910 955
910 956
910 957
910 958
910 959
910 960
910 963
910 965
910 966
910 967
910 970
910 971
910 972
910 974
910 976
910 977
910 979
910 980
910 981
910 982
910 983
910 985
910 986
910 988
910 989
910 990
910 991
910 992
910 994
910 996
910 997
910 998
910 1000
911 901
911 903
911 904
911 905
911 906
911 907
911 908
911 909
911 911
911 912
911 913
911 915
911 916
911 917
911 919
911 920
911 922
911 923
911 924
911 925
911 926
911 927
911 928
911 929
911 930
911 931
911 932
911 933
911 934
911 935
911 937
911 938
911 939
911 941
911 942
911 943
911 944
911 945
911 947
911 949
911 950
911 951
911 952
911 953
911 954
911 956
911 959
911 960
911 961
911 962
911 963
911 964
911 965
911 966
911 967
911 969
911 970
911 971
911 974
911 976
911 977
911 978
911 979
911 980
911 981
911 982
911 984
911 985
911 986
911 987
911 988
911 989
911 990
911 992
911 993
911 994
911 995
911 996
911 997
911 1000
912 901
912 902
912 903
912 908
912 909
912 910
912 912
912 913
912 914
912 915
912 916
912 917
912 918
912 919
912 920
912 922
912 923
912 924
912 926
912 927
912 928
912 929
912 932
912 933
912 934
912 935
912 936
912 937
912 938
912 939
912 940
912 941
912 942
912 943
912 944
912 946
912 948
912 949
912 950
912 951
912 952
912 953
912 954
912 955
912 956
912 958
912 959
912 960
912 961
912 962
912 963
912 964
912 966
912 967
912 968
912 969
912 971
912 972
912 973
912 974
912 975
912 976
912 977
912 980
912 981
912 982
912 984
912 985
912 986
912 987
912 988
912 989
912 990
912 991
912 992
912 993
912 994
912 997
912 998
912 999
912 1000
913 901
913 902
913 903
913 904
913 905
913 906
913 907
913 908
913 912
913 913
913 914
913 915
913 916
913 917
913 919
913 922
913 923
913 924
913 925
913 926
913 927
913 928
913 929
913 930
913 931
913 932
913 933
913 934
913 935
913 936
913 938
913 940
913 942
913 943
913 944
913 945
913 947
913 949
913 950
913 951
913 953
913 954
913 955
913 956
913 957
913 958
913 959
913 960
913 961
913 962
913 963
913 964
913 965
913 966
913 967
913 968
913 970
913 971
913 972
913 973
913 974
913 975
913 976
913 977
913 978
913 979
913 983
913 984
913 985
913 986
913 987
913 988
913 989
913 990
913 991
913 992
913 993
913 994
913 995
913 997
913 998
913 999
914 901
914 902
914 903
914 905
914 906
914 908
914 909
914 910
914 912
914 913
914 914
914 916
914 917
914 918
914 919
914 920
914 921
914 922
914 924
914 925
914 926
914 927
914 928
914 929
914 931
914 932
914 934
914 935
914 936
914 938
914 939
914 940
914 941
914 943
914 944
914 945
914 946
914 947
914 948
914 949
914 950
914 951
914 952
914 953
914 954
914 956
914 957
914 958
914 961
914 964
914 965
914 967
914 968
914 969
914 970
914 971
914 972
914 973
914 974
914 975
914 976
914 977
914 978
914 979
914 980
914 981
914 982
914 983
914 984
914 985
914 986
914 987
914 989
914 990
914 994
914 995
914 996
914 997
914 998
914 999
914 1000
915 901
915 902
915 903
915 904
915 906
915 908
915 909
915 910
915 911
915 912
915 913
915 914
915 915
915 917
915 918
915 919
915 921
915 922
915 923
915 924
915 925
915 926
915 927
915 928
915 929
915 930
915 931
915 932
915 933
915 934
915 935
915 936
915 937
915 939
915 941
915 942
915 944
915 945
915 949
915 951
915 952
915 953
915 955
915 956
915 957
915 958
915 959
915 960
915 961
915 962
915 963
915 964
915 965
915 966
915 968
915 969
915 970
915 973
915 974
915 976
915 978
915 979
915 981
915 982
915 983
915 986
915 987
915 988
915 989
915 990
915 991
915 992
915 993
915 994
915 995
915 996
915 997
915 998
915 999
915 1000
916 901
916 902
916 903
916 904
916 905
916 906
916 907
916 908
916 909
916 910
916 911
916 912
916 914
916 916
916 917
916 918
916 919
916 920
916 921
916 923
916 924
916 926
916 927
916 929
916 930
916 931
916 932
916 933
916 934
916 935
916 936
916 938
916 939
916 940
916 941
916 943
916 944
916 946
916 947
916 948
916 949
916 950
916 951
916 952
916 953
916 954
916 956
916 957
916 958
916 959
916 960
916 961
916 962
916 963
916 965
916 966
916 967
916 968
916 969
916 970
916 971
916 972
916 973
916 974
916 975
916 976
916 978
916 980
916 981
916 982
916 983
916 984
916 985
916 986
916 987
916 988
916 989
916 990
916 991
916 992
916 993
916 994
916 996
916 998
916 999
917 902
917 903
917 904
917 905
917 906
917 907
917 908
917 912
917 913
917 914
917 915
917 916
917 917
917 918
917 919
917 920
917 921
917 922
917 923
917 924
917 925
917 926
917 927
917 928
917 929
917 932
917 934
917 935
917 936
917 937
917 938
917 939
917 940
917 941
917 942
917 943
917 945
917 946
917 947
917 949
917 950
917 951
917 952
917 953
917 954
917 955
917 956
917 957
917 958
917 964
917 965
917 966
917 967
917 968
917 969
917 970
917 972
917 974
917 975
917 976
917 977
917 978
917 979
917 980
917 981
917 982
917 983
917 984
917 985
917 986
917 987
917 989
917 990
917 991
917 993
917 994
917 995
917 996
917 997
917 998
917 999
917 1000
918 901
918 902
918 904
918 905
918 906
918 908
918 909
918 910
918 911
918 912
918 913
918 914
918 915
918 916
918 917
918 918
918 919
918 920
918 922
918 923
918 924
918 926
918 927
918 928
918 929
918 930
918 931
918 932
918 933
918 935
918 937
918 938
918 939
918 940
918 941
918 942
918 944
918 945
918 946
918 947
918 948
918 950
918 951
918 953
918 955
918 956
918 957
918 958
918 959
918 960
918 961
918 963
918 964
918 965
918 966
918 968
918 969
918 970
918 972
918 973
918 975
918 977
918 978
918 979
918 980
918 981
918 983
918 984
918 985
918 986
918 989
918 990
918 991
918 992
918 993
918 994
918 995
918 996
918 997
918 998
918 999
919 901
919 902
919 904
919 905
919 906
919 907
919 908
919 909
919 910
919 911
919 912
919 915
919 916
919 917
919 918
919 919
919 920
919 922
919 923
919 924
919 926
919 927
919 929
919 930
919 931
919 932
919 933
919 934
919 935
919 936
919 937
919 938
919 940
919 941
919 942
919 943
919 944
919 945
919 946
919 947
919 948
919 949
919 950
919 951
919 953
919 956
919 957
919 958
919 959
919 960
919 963
919 964
919 965
919 967
919 968
919 969
919 970
919 971
919 972
919 973
919 974
919 975
919 977
919 978
919 979
919 980
919 981
919 983
919 984
919 985
919 986
919 987
919 988
919 989
919 990
919 991
919 993
919 994
919 995
919 996
919 997
919 999
919 1000
920 901
920 902
920 903
920 904
920 905
920 908
920 909
920 910
920 911
920 912
920 913
920 914
920 915
920 916
920 918
920 919
920 920
920 921
920 922
920 923
920 924
920 925
920 927
920 928
920 929
920 930
920 931
920 932
920 933
920 934
920 935
920 937
920 938
920 939
920 940
920 941
920 942
920 943
920 945
920 946
920 947
920 950
920 952
920 953
920 954
920 956
920 957
920 958
920 959
920 960
920 961
920 962
920 963
920 964
920 965
920 966
920 967
920 969
920 970
920 971
920 973
920 974
920 975
920 976
920 977
920 978
920 981
920 982
920 983
920 984
920 985
920 986
920 987
920 988
920 990
920 991
920 992
920 993
920 994
920 995
920 997
920 998
920 1000
921 901
921 903
921 904
921 907
921 908
921 909
921 910
921 912
921 913
921 916
921 917
921 918
921 919
921 921
921 922
921 923
921 925
921 926
921 927
921 928
921 929
921 930
921 931
921 932
921 933
921 934
921 938
921 939
921 941
921 942
921 943
921 944
921 945
921 946
921 947
921 948
921 949
921 950
921 951
921 952
921 954
921 955
921 957
921 958
921 959
921 960
921 961
921 962
921 963
921 964
921 966
921 967
921 968
921 969
921 970
921 972
921 973
921 975
921 976
921 977
921 979
921 980
921 981
921 982
921 984
921 985
921 986
921 988
921 990
921 991
921 992
921 993
921 994
921 995
921 999
921 1000
922 901
922 902
922 903
922 904
922 905
922 906
922 907
922 908
922 909
922 910
922 911
922 912
922 914
922 915
922 916
922 917
922 918
922 919
922 920
922 921
922 922
922 923
922 925
922 926
922 927
922 929
922 930
922 931
922 932
922 933
922 934
922 935
922 936
922 937
922 938
922 940
922 941
922 943
922 944
922 945
922 946
922 948
922 949
922 950
922 952
922 954
922 955
922 956
922 957
922 958
922 959
922 960
922 961
922 964
922 965
922 966
922 967
922 968
922 969
922 970
922 972
922 973
922 975
922 976
922 978
922 979
922 980
922 981
922 982
922 983
922 984
922 985
922 987
922 988
922 989
922 992
922 993
922 995
922 996
922 997
922 999
922 1000
923 902
923 903
923 905
923 906
923 907
923 908
923 909
923 910
923 911
923 912
923 913
923 914
923 915
923 918
923 919
923 921
923 922
923 925
923 926
923 927
923 929
923 930
923 932
923 933
923 934
923 935
923 938
923 939
923 940
923 941
923 942
923 943
923 944
923 945
923 946
923 948
923 949
923 950
923 951
923 952
923 953
923 954
923 956
923 957
923 958
923 959
923 961
923 962
923 963
923 964
923 965
923 966
923 967
923 968
923 969
923 970
923 971
923 972
923 973
923 974
923 975
923 976
923 978
923 979
923 982
923 983
923 984
923 985
923 987
923 988
923 989
923 992
923 993
923 994
923 995
923 996
923 997
923 998
923 999
924 901
924 902
924 903
924 904
924 905
924 906
924 909
924 910
924 911
924 912
924 913
924 914
924 915
924 916
924 917
924 918
924 919
924 920
924 921
924 923
924 926
924 927
924 928
924 929
924 931
924 932
924 934
924 935
924 936
924 937
924 938
924 940
924 942
924 943
924 944
924 945
924 946
924 947
924 950
924 951
924 952
924 953
924 954
924 955
924 957
924 958
924 959
924 960
924 961
924 962
924 963
924 964
924 965
924 966
924 967
924 968
924 969
924 971
924 972
924 973
924 974
924 975
924 976
924 977
924 978
924 979
924 980
924 981
924 983
924 985
924 986
924 988
924 989
924 990
924 992
924 993
924 995
924 996
924 997
924 999
924 1000
925 901
925 902
925 903
925 904
925 906
925 907
925 908
925 909
925 910
925 911
925 912
925 913
925 915
925 916
925 917
925 919
925 925
925 927
925 928
925 929
925 930
925 932
925 933
925 934
925 935
925 936
925 938
925 940
925 942
925 943
925 944
925 945
925 948
925 949
925 950
925 951
925 953
925 954
925 956
925 958
925 959
925 960
925 961
925 962
925 963
925 964
925 965
925 967
925 968
925 970
925 971
925 972
925 974
925 977
925 980
925 981
925 982
925 983
925 984
925 986
925 987
925 988
925 989
925 990
925 991
925 992
925 993
925 994
925 996
925 999
925 1000
926 901
926 903
926 905
926 906
926 908
926 909
926 910
926 911
926 912
926 913
926 914
926 915
926 916
926 919
926 922
926 923
926 924
926 925
926 926
926 927
926 928
926 929
926 930
926 931
926 933
926 934
926 936
926 937
926 938
926 939
926 941
926 942
926 943
926 944
926 945
926 946
926 949
926 950
926 951
926 952
926 953
926 954
926 955
926 956
926 958
926 959
926 961
926 963
926 964
926 965
926 966
926 967
926 970
926 971
926 973
926 974
926 975
926 976
926 978
926 980
926 981
926 982
926 983
926 984
926 986
926 987
926 988
926 989
926 990
926 991
926 992
926 993
926 995
926 996
926 997
926 998
926 999
926 1000
927 902
927 904
927 905
927 906
927 907
927 908
927 909
927 910
927 911
927 912
927 913
927 915
927 916
927 917
927 918
927 919
927 920
927 921
927 922
927 923
927 924
927 925
927 926
927 927
927 928
927 930
927 931
927 932
927 933
927 934
927 936
927 937
927 938
927 939
927 940
927 942
927 944
927 945
927 946
927 947
927 948
927 949
927 951
927 952
927 953
927 954
927 955
927 956
927 957
927 959
927 960
927 961
927 962
927 963
927 964
927 965
927 968
927 969
927 970
927 971
927 972
927 973
927 974
927 975
927 976
927 978
927 979
927 980
927 982
927 983
927 984
927 985
927 986
927 987
927 988
927 989
927 990
927 993
927 995
927 996
927 997
927 1000
928 901
928 903
928 904
928 905
928 906
928 907
928 908
928 909
928 911
928 912
928 913
928 915
928 916
928 917
928 918
928 919
928 920
928 921
928 922
928 923
928 924
928 925
928 926
928 927
928 928
928 930
928 931
928 932
928 937
928 939
928 940
928 941
928 942
928 943
928 944
928 945
928 946
928 947
928 948
928 950
928 951
928 952
928 953
928 954
928 955
928 956
928 958
928 959
928 960
928 961
928 962
928 963
928 964
928 965
928 966
928 967
928 968
928 969
928 970
928 971
928 972
928 973
928 974
928 975
928 976
928 977
928 980
928 981
928 982
928 983
928 984
928 985
928 986
928 987
928 989
928 990
928 992
928 994
928 995
928 996
928 997
928 999
928 1000
929 901
929 902
929 903
929 905
929 906
929 907
929 908
929 909
929 910
929 911
929 913
929 914
929 915
929 916
929 917
929 918
929 919
929 920
929 921
929 922
929 924
929 929
929 930
929 931
929 932
929 933
929 934
929 935
929 937
929 938
929 939
929 942
929 943
929 944
929 945
929 946
929 947
929 949
929 950
929 951
929 952
929 955
929 956
929 957
929 959
929 960
929 961
929 962
929 963
929 964
929 965
929 966
929 968
929 969
929 970
929 971
929 972
929 974
929 975
929 978
929 979
929 980
929 981
929 985
929 987
929 988
929 990
929 991
929 992
929 993
929 994
929 995
929 996
929 997
929 998
929 999
929 1000
930 901
930 902
930 903
930 904
930 906
930 907
930 908
930 910
930 911
930 912
930 913
930 914
930 915
930 916
930 917
930 918
930 919
930 920
930 921
930 922
930 923
930 924
930 925
930 926
930 927
930 928
930 929
930 930
930 931
930 932
930 933
930 935
930 937
930 938
930 940
930 942
930 943
930 944
930 947
930 949
930 950
930 952
930 954
930 955
930 956
930 958
930 959
930 960
930 961
930 962
930 965
930 967
930 968
930 969
930 970
930 971
930 972
930 973
930 975
930 977
930 978
930 979
930 980
930 981
930 982
930 984
930 985
930 987
930 988
930 989
930 992
930 993
930 994
930 995
930 996
930 997
930 998
930 999
930 1000
931 901
931 902
931 904
931 905
931 907
931 908
931 912
931 913
931 914
931 915
931 916
931 917
931 919
931 920
931 921
931 922
931 923
931 926
931 927
931 928
931 929
931 930
931 933
931 935
931 937
931 938
931 939
931 940
931 941
931 942
931 943
931 944
931 945
931 946
931 948
931 949
931 950
931 951
931 952
931 953
931 954
931 955
931 956
931 957
931 958
931 961
931 962
931 963
931 964
931 965
931 966
931 967
931 968
931 969
931 970
931 971
931 973
931 976
931 977
931 978
931 979
931 980
931 982
931 983
931 984
931 987
931 988
931 989
931 992
931 993
931 994
931 995
931 997
931 998
931 999
931 1000
932 901
932 902
932 903
932 904
932 905
932 906
932 907
932 908
932 912
932 913
932 916
932 917
932 918
932 920
932 921
932 922
932 923
932 924
932 925
932 926
932 927
932 928
932 929
932 930
932 931
932 932
932 933
932 934
932 935
932 936
932 937
932 938
932 939
932 941
932 942
932 943
932 944
932 945
932 947
932 948
932 949
932 950
932 951
932 952
932 953
932 955
932 957
932 958
932 959
932 961
932 963
932 964
932 965
932 967
932 968
932 969
932 970
932 971
932 972
932 973
932 974
932 975
932 976
932 977
932 978
932 979
932 980
932 981
932 984
932 985
932 986
932 987
932 988
932 989
932 990
932 993
932 995
932 996
932 997
932 999
932 1000
933 901
933 902
933 903
933 904
933 905
933 907
933 908
933 909
933 910
933 911
933 912
933 913
933 914
933 915
933 916
933 917
933 918
933 920
933 921
933 922
933 923
933 924
933 925
933 926
933 927
933 928
933 929
933 930
933 931
933 932
933 933
933 934
933 935
933 937
933 938
933 939
933 940
933 941
933 942
933 943
933 944
933 945
933 947
933 949
933 950
933 952
933 953
933 954
933 955
933 956
933 957
933 958
933 960
933 961
933 962
933 963
933 964
933 965
933 966
933 967
933 968
933 969
933 970
933 971
933 972
933 974
933 975
933 976
933 977
933 978
933 980
933 981
933 982
933 984
933 985
933 986
933 987
933 988
933 989
933 991
933 992
933 993
933 994
933 996
933 997
933 999
933 1000
934 901
934 902
934 903
934 904
934 906
934 907
934 908
934 909
934 910
934 911
934 912
934 913
934 914
934 916
934 917
934 918
934 919
934 920
934 921
934 922
934 924
934 925
934 926
934 927
934 928
934 930
934 931
934 932
934 933
934 934
934 935
934 936
934 937
934 938
934 940
934 941
934 942
934 943
934 944
934 945
934 946
934 948
934 950
934 951
934 952
934 953
934 954
934 955
934 956
934 957
934 958
934 959
934 960
934 961
934 962
934 963
934 964
934 965
934 967
934 968
934 970
934 971
934 973
934 974
934 975
934 976
934 977
934 978
934 979
934 980
934 981
934 982
934 983
934 984
934 986
934 987
934 989
934 991
934 993
934 994
934 995
934 996
934 998
934 999
934 1000
935 902
935 903
935 904
935 906
935 907
935 908
935 909
935 910
935 911
935 912
935 913
935 914
935 915
935 916
935 917
935 920
935 921
935 922
935 923
935 924
935 925
935 926
935 927
935 928
935 929
935 931
935 932
935 935
935 936
935 937
935 938
935 939
935 940
935 944
935 945
935 946
935 947
935 948
935 949
935 950
935 951
935 952
935 953
935 954
935 955
935 956
935 957
935 958
935 959
935 960
935 962
935 963
935 964
935 965
935 966
935 968
935 969
935 970
935 972
935 974
935 975
935 977
935 978
935 979
935 980
935 981
935 984
935 985
935 986
935 987
935 988
935 989
935 990
935 991
935 992
935 993
935 994
935 995
935 996
935 998
935 999
935 1000
936 901
936 902
936 903
936 904
936 906
936 907
936 908
936 909
936 910
936 911
936 912
936 913
936 914
936 915
936 916
936 917
936 918
936 919
936 921
936 922
936 923
936 924
936 926
936 929
936 930
936 931
936 932
936 934
936 936
936 937
936 938
936 939
936 943
936 944
936 945
936 946
936 947
936 948
936 949
936 951
936 952
936 953
936 954
936 955
936 956
936 957
936 958
936 959
936 960
936 961
936 962
936 963
936 964
936 965
936 966
936 967
936 968
936 969
936 970
936 971
936 972
936 973
936 974
936 975
936 977
936 978
936 979
936 980
936 982
936 984
936 985
936 986
936 987
936 988
936 990
936 991
936 992
936 993
936 994
936 995
936 996
936 997
936 998
936 999
936 1000
937 901
937 902
937 903
937 905
937 906
937 907
937 908
937 910
937 911
937 912
937 913
937 914
937 916
937 917
937 918
937 919
937 920
937 921
937 923
937 924
937 925
937 926
937 927
937 928
937 929
937 930
937 932
937 933
937 934
937 935
937 936
937 938
937 940
937 941
937 942
937 944
937 945
937 946
937 947
937 948
937 953
937 954
937 956
937 957
937 958
937 959
937 960
937 962
937 963
937 968
937 972
937 973
937 974
937 976
937 977
937 978
937 979
937 981
937 982
937 983
937 986
937 987
937 989
937 991
937 992
937 993
937 994
937 995
937 997
937 998
937 999
937 1000
938 901
938 902
938 905
938 906
938 907
938 908
938 909
938 911
938 912
938 913
938 914
938 917
938 918
938 919
938 920
938 921
938 923
938 924
938 925
938 926
938 927
938 928
938 929
938 930
938 931
938 932
938 934
938 935
938 938
938 939
938 941
938 942
938 943
938 944
938 945
938 946
938 948
938 949
938 951
938 952
938 953
938 954
938 956
938 957
938 958
938 959
938 960
938 961
938 962
938 964
938 965
938 966
938 967
938 968
938 969
938 970
938 972
938 973
938 974
938 976
938 978
938 979
938 981
938 983
938 985
938 986
938 987
938 988
938 989
938 990
938 991
938 992
938 993
938 994
938 996
938 997
938 998
938 999
939 902
939 904
939 905
939 906
939 909
939 910
939 911
939 912
939 913
939 914
939 917
939 918
939 920
939 922
939 924
939 925
939 928
939 929
939 930
939 931
939 932
939 934
939 935
939 936
939 937
939 938
939 939
939 940
939 941
939 942
939 943
939 944
939 945
939 946
939 947
939 948
939 949
939 950
939 951
939 952
939 953
939 954
939 956
939 957
939 958
939 959
939 960
939 961
939 964
939 965
939 966
939 967
939 968
939 969
939 970
939 972
939 973
939 974
939 975
939 976
939 977
939 978
939 979
939 980
939 981
939 982
939 983
939 984
939 985
939 986
939 987
939 988
939 989
939 990
939 991
939 992
939 993
939 996
939 998
939 999
939 1000
940 901
940 902
940 903
940 904
940 905
940 906
940 907
940 908
940 909
940 911
940 913
940 914
940 916
940 919
940 920
940 921
940 922
940 923
940 924
940 926
940 927
940 928
940 930
940 931
940 933
940 934
940 935
940 936
940 938
940 940
940 942
940 943
940 945
940 946
940 947
940 948
940 950
940 951
940 952
940 954
940 955
940 958
940 960
940 961
940 962
940 963
940 964
940 965
940 966
940 967
940 968
940 969
940 970
940 971
940 972
940 973
940 974
940 975
940 976
940 977
940 978
940 979
940 980
940 981
940 982
940 983
940 984
940 985
940 986
940 987
940 988
940 989
940 990
940 994
940 996
940 997
940 998
940 999
940 1000
941 902
941 903
941 904
941 905
941 907
941 909
941 910
941 911
941 912
941 913
941 914
941 915
941 917
941 918
941 920
941 921
941 922
941 923
941 924
941 925
941 926
941 929
941 930
941 931
941 932
941 933
941 935
941 936
941 937
941 938
941 939
941 940
941 942
941 944
941 945
941 946
941 947
941 949
941 950
941 951
941 952
941 953
941 954
941 956
941 957
941 958
941 959
941 960
941 961
941 962
941 963
941 964
941 965
941 966
941 967
941 969
941 970
941 971
941 972
941 975
941 977
941 978
941 980
941 981
941 983
941 984
941 985
941 986
941 989
941 990
941 991
941 992
941 993
941 994
941 995
941 996
941 997
941 998
941 999
941 1000
942 901
942 903
942 904
942 906
942 908
942 909
942 910
942 911
942 913
942 914
942 916
942 917
942 918
942 919
942 920
942 921
942 922
942 923
942 924
942 925
942 926
942 927
942 928
942 930
942 932
942 933
942 934
942 935
942 936
942 937
942 938
942 939
942 941
942 943
942 944
942 945
942 946
942 948
942 949
942 951
942 952
942 953
942 955
942 956
942 957
942 958
942 959
942 960
942 963
942 964
942 965
942 966
942 967
942 968
942 969
942 970
942 971
942 972
942 974
942 975
942 979
942 981
942 982
942 985
942 986
942 988
942 989
942 990
942 991
942 992
942 994
942 995
942 996
942 998
942 999
942 1000
943 901
943 903
943 905
943 906
943 907
943 908
943 909
943 910
943 911
943 912
943 913
943 914
943 915
943 916
943 917
943 918
943 920
943 921
943 922
943 923
943 924
943 925
943 926
943 928
943 929
943 931
943 933
943 934
943 935
943 936
943 937
943 938
943 939
943 940
943 942
943 943
943 944
943 945
943 946
943 947
943 950
943 951
943 952
943 954
943 955
943 956
943 959
943 960
943 961
943 962
943 963
943 966
943 967
943 968
943 969
943 970
943 971
943 972
943 973
943 974
943 975
943 976
943 977
943 978
943 979
943 980
943 981
943 982
943 983
943 984
943 985
943 986
943 987
943 988
943 991
943 992
943 993
943 994
943 995
943 999
943 1000
944 901
944 902
944 907
944 908
944 909
944 910
944 911
944 913
944 915
944 916
944 917
944 918
944 919
944 922
944 923
944 924
944 925
944 927
944 928
944 929
944 931
944 932
944 933
944 934
944 936
944 937
944 939
944 940
944 942
944 943
944 944
944 945
944 946
944 947
944 948
944 950
944 951
944 952
944 954
944 955
944 956
944 958
944 959
944 960
944 961
944 962
944 964
944 966
944 969
944 971
944 972
944 973
944 974
944 975
944 977
944 979
944 980
944 981
944 982
944 984
944 986
944 987
944 988
944 989
944 990
944 991
944 992
944 993
944 994
944 995
944 996
944 997
944 998
944 999
944 1000
945 901
945 903
945 904
945 905
945 906
945 908
945 909
945 911
945 912
945 913
945 914
945 915
945 917
945 918
945 919
945 920
945 921
945 922
945 923
945 926
945 928
945 929
945 930
945 932
945 934
945 935
945 936
945 937
945 939
945 940
945 941
945 944
945 945
945 946
945 947
945 948
945 949
945 950
945 951
945 952
945 953
945 954
945 956
945 958
945 960
945 961
945 962
945 964
945 965
945 966
945 967
945 968
945 969
945 970
945 971
945 972
945 973
945 975
945 976
945 977
945 978
945 979
945 980
945 981
945 982
945 983
945 984
945 985
945 989
945 990
945 991
945 992
945 993
945 994
945 995
945 996
945 997
945 998
945 999
946 902
946 903
946 904
946 905
946 907
946 908
946 909
946 910
946 911
946 912
946 913
946 914
946 915
946 916
946 917
946 918
946 921
946 922
946 923
946 924
946 925
946 926
946 927
946 928
946 929
946 930
946 931
946 932
946 933
946 935
946 937
946 938
946 939
946 940
946 941
946 942
946 943
946 944
946 945
946 946
946 948
946 949
946 950
946 951
946 952
946 955
946 956
946 957
946 959
946 960
946 961
946 962
946 965
946 966
946 970
946 971
946 972
946 973
946 975
946 976
946 977
946 978
946 980
946 981
946 983
946 984
946 985
946 986
946 988
946 989
946 990
946 991
946 992
946 993
946 994
946 996
946 1000
947 901
947 902
947 903
947 904
947 905
947 906
947 907
947 908
947 909
947 910
947 911
947 912
947 913
947 915
947 918
947 919
947 920
947 921
947 922
947 923
947 925
947 927
947 928
947 930
947 931
947 933
947 934
947 935
947 936
947 937
947 938
947 939
947 940
947 942
947 943
947 944
947 946
947 948
947 949
947 950
947 952
947 953
947 954
947 955
947 956
947 957
947 958
947 959
947 960
947 961
947 966
947 968
947 969
947 970
947 972
947 973
947 974
947 975
947 977
947 978
947 979
947 980
947 981
947 983
947 984
947 985
947 986
947 987
947 988
947 989
947 991
947 993
947 994
947 999
947 1000
948 901
948 902
948 903
948 905
948 906
948 907
948 908
948 909
948 911
948 913
948 914
948 915
948 916
948 917
948 918
948 919
948 920
948 921
948 922
948 924
948 925
948 928
948 929
948 930
948 931
948 933
948 934
948 936
948 937
948 938
948 940
948 941
948 942
948 945
948 947
948 949
948 952
948 953
948 955
948 956
948 957
948 958
948 959
948 960
948 961
948 962
948 963
948 964
948 965
948 966
948 967
948 968
948 969
948 970
948 971
948 972
948 973
948 975
948 976
948 977
948 978
948 979
948 980
948 981
948 982
948 983
948 984
948 985
948 986
948 987
948 988
948 989
948 990
948 991
948 993
948 994
948 995
948 996
948 997
948 998
948 1000
949 902
949 904
949 905
949 906
949 907
949 908
949 909
949 910
949 911
949 912
949 913
949 915
949 916
949 918
949 919
949 920
949 921
949 922
949 923
949 924
949 925
949 926
949 927
949 931
949 932
949 933
949 934
949 935
949 937
949 938
949 939
949 940
949 941
949 943
949 944
949 945
949 946
949 947
949 948
949 949
949 951
949 952
949 958
949 959
949 960
949 961
949 962
949 964
949 965
949 966
949 968
949 969
949 970
949 971
949 972
949 973
949 974
949 975
949 977
949 978
949 980
949 981
949 984
949 986
949 987
949 988
949 990
949 991
949 992
949 993
949 994
949 995
949 996
949 997
949 998
949 1000
950 901
950 902
950 903
950 904
950 905
950 906
950 907
950 908
950 910
950 911
950 912
950 913
950 915
950 916
950 919
950 921
950 922
950 923
950 926
950 929
950 930
950 931
950 932
950 933
950 935
950 936
950 937
950 938
950 939
950 940
950 943
950 944
950 945
950 946
950 948
950 949
950 951
950 952
950 954
950 955
950 956
950 957
950 961
950 963
950 965
950 967
950 968
950 969
950 970
950 971
950 972
950 973
950 974
950 975
950 976
950 977
950 978
950 979
950 980
950 981
950 982
950 984
950 985
950 986
950 990
950 991
950 992
950 994
950 996
950 998
950 999
950 1000
951 901
951 902
951 903
951 905
951 906
951 907
951 908
951 909
951 910
951 912
951 913
951 914
951 915
951 916
951 917
951 918
951 920
951 921
951 924
951 925
951 928
951 929
951 931
951 932
951 933
951 934
951 935
951 937
951 938
951 939
951 940
951 941
951 944
951 945
951 946
951 947
951 948
951 949
951 950
951 951
951 952
951 953
951 955
951 957
951 958
951 959
951 960
951 963
951 965
951 966
951 967
951 968
951 969
951 970
951 971
951 972
951 973
951 974
951 975
951 976
951 977
951 978
951 979
951 980
951 981
951 982
951 983
951 986
951 987
951 988
951 990
951 991
951 992
951 993
951 994
951 995
951 996
951 998
951 999
952 902
952 904
952 905
952 906
952 907
952 909
952 910
952 911
952 912
952 913
952 914
952 915
952 916
952 917
952 918
952 919
952 920
952 921
952 922
952 923
952 924
952 926
952 927
952 929
952 930
952 931
952 932
952 933
952 935
952 936
952 938
952 940
952 941
952 942
952 943
952 944
952 945
952 946
952 947
952 948
952 949
952 950
952 951
952 952
952 953
952 954
952 955
952 957
952 958
952 959
952 961
952 962
952 963
952 965
952 966
952 967
952 968
952 969
952 970
952 971
952 972
952 974
952 975
952 976
952 977
952 978
952 979
952 980
952 983
952 984
952 985
952 986
952 987
952 989
952 991
952 992
952 993
952 995
952 996
952 998
952 999
952 1000
953 901
953 902
953 903
953 907
953 908
953 910
953 911
953 912
953 913
953 914
953 915
953 917
953 918
953 919
953 920
953 922
953 923
953 925
953 927
953 928
953 929
953 932
953 934
953 935
953 936
953 937
953 939
953 941
953 942
953 943
953 944
953 945
953 946
953 947
953 948
953 949
953 950
953 951
953 952
953 953
953 954
953 955
953 956
953 957
953 959
953 960
953 961
953 963
953 964
953 965
953 966
953 967
953 968
953 969
953 970
953 971
953 972
953 974
953 975
953 976
953 977
953 980
953 984
953 985
953 986
953 988
953 990
953 991
953 992
953 994
953 995
953 996
953 997
953 998
953 999
954 902
954 906
954 907
954 908
954 909
954 910
954 911
954 912
954 913
954 914
954 915
954 916
954 918
954 919
954 920
954 921
954 924
954 925
954 926
954 928
954 930
954 931
954 932
954 933
954 934
954 936
954 938
954 940
954 941
954 942
954 943
954 944
954 945
954 946
954 947
954 948
954 949
954 950
954 951
954 952
954 954
954 955
954 956
954 957
954 958
954 959
954 960
954 961
954 962
954 963
954 964
954 965
954 966
954 968
954 969
954 970
954 972
954 973
954 974
954 975
954 978
954 979
954 981
954 982
954 984
954 985
954 987
954 989
954 991
954 992
954 993
954 994
954 995
954 996
954 997
954 998
954 999
955 901
955 902
955 903
955 905
955 907
955 909
955 910
955 911
955 912
955 913
955 915
955 916
955 918
955 919
955 920
955 921
955 922
955 923
955 924
955 925
955 926
955 927
955 928
955 930
955 931
955 932
955 933
955 934
955 935
955 936
955 938
955 941
955 942
955 946
955 947
955 948
955 951
955 952
955 953
955 954
955 956
955 957
955 958
955 959
955 960
955 961
955 962
955 964
955 965
955 967
955 969
955 971
955 972
955 973
955 974
955 976
955 977
955 979
955 980
955 981
955 982
955 983
955 985
955 986
955 987
955 988
955 989
955 990
955 991
955 992
955 993
955 994
955 995
955 996
955 997
955 998
955 999
956 901
956 902
956 903
956 904
956 905
956 906
956 909
956 911
956 912
956 913
956 914
956 915
956 916
956 917
956 919
956 920
956 921
956 923
956 924
956 925
956 926
956 927
956 928
956 929
956 931
956 932
956 933
956 935
956 937
956 938
956 941
956 943
956 944
956 945
956 946
956 947
956 948
956 949
956 950
956 951
956 952
956 953
956 954
956 955
956 956
956 957
956 958
956 959
956 962
956 963
956 964
956 965
956 966
956 967
956 968
956 969
956 970
956 971
956 972
956 973
956 974
956 975
956 978
956 979
956 981
956 982
956 983
956 984
956 985
956 986
956 987
956 989
956 990
956 991
956 993
956 994
956 995
956 1000
957 902
957 904
957 905
957 906
957 907
957 908
957 909
957 910
957 911
957 912
957 913
957 915
957 916
957 917
957 918
957 919
957 922
957 925
957 926
957 927
957 928
957 930
957 931
957 932
957 933
957 934
957 935
957 936
957 937
957 938
957 941
957 942
957 943
957 944
957 945
957 947
957 948
957 949
957 950
957 952
957 953
957 954
957 955
957 956
957 957
957 958
957 962
957 963
957 964
957 965
957 966
957 967
957 968
957 970
957 971
957 972
957 973
957 974
957 975
957 976
957 977
957 978
957 979
957 980
957 981
957 982
957 984
957 985
957 986
957 987
957 989
957 991
957 992
957 993
957 994
957 995
957 996
957 997
957 998
957 999
957 1000
958 901
958 902
958 903
958 904
958 905
958 906
958 907
958 908
958 909
958 911
958 912
958 913
958 915
958 917
958 918
958 919
958 920
958 921
958 922
958 923
958 924
958 925
958 926
958 927
958 928
958 930
958 931
958 934
958 935
958 936
958 937
958 939
958 941
958 942
958 944
958 945
958 946
958 947
958 948
958 949
958 950
958 952
958 953
958 954
958 955
958 956
958 957
958 958
958 959
958 960
958 961
958 962
958 963
958 965
958 967
958 968
958 969
958 970
958 971
958 972
958 973
958 974
958 975
958 976
958 977
958 978
958 979
958 980
958 983
958 985
958 986
958 987
958 988
958 989
958 990
958 991
958 992
958 993
958 994
958 995
958 996
958 997
958 998
958 999
958 1000
959 903
959 904
959 905
959 906
959 907
959 908
959 909
959 912
959 913
959 914
959 915
959 916
959 917
959 918
959 919
959 920
959 921
959 922
959 923
959 924
959 925
959 926
959 927
959 929
959 931
959 932
959 933
959 934
959 936
959 937
959 939
959 940
959 941
959 943
959 944
959 945
959 946
959 947
959 948
959 949
959 950
959 951
959 953
959 955
959 956
959 958
959 961
959 962
959 963
959 964
959 966
959 967
959 968
959 969
959 970
959 971
959 972
959 973
959 974
959 975
959 976
959 977
959 978
959 979
959 980
959 981
959 982
959 984
959 986
959 987
959 990
959 991
959 992
959 993
959 994
959 996
959 997
959 998
959 999
960 901
960 902
960 905
960 906
960 907
960 908
960 909
960 910
960 912
960 913
960 914
960 915
960 916
960 917
960 918
960 919
960 920
960 923
960 924
960 925
960 926
960 927
960 929
960 930
960 932
960 934
960 935
960 937
960 938
960 940
960 941
960 942
960 945
960 946
960 947
960 949
960 951
960 952
960 953
960 954
960 955
960 956
960 957
960 958
960 959
960 960
960 962
960 963
960 965
960 966
960 967
960 968
960 970
960 971
960 972
960 974
960 976
960 979
960 980
960 981
960 982
960 983
960 984
960 985
960 986
960 987
960 988
960 991
960 992
960 993
960 995
960 997
960 999
961 901
961 902
961 903
961 904
961 905
961 906
961 907
961 908
961 909
961 910
961 912
961 913
961 914
961 916
961 917
961 920
961 921
961 922
961 923
961 924
961 927
961 928
961 929
961 930
961 931
961 932
961 933
961 934
961 935
961 936
961 937
961 938
961 939
961 941
961 942
961 943
961 944
961 945
961 947
961 948
961 951
961 952
961 953
961 954
961 956
961 957
961 958
961 959
961 960
961 961
961 962
961 963
961 964
961 966
961 967
961 968
961 969
961 970
961 972
961 973
961 975
961 976
961 977
961 980
961 981
961 982
961 983
961 984
961 985
961 986
961 987
961 989
961 990
961 992
961 994
961 995
961 996
961 997
961 998
961 1000
962 901
962 902
962 903
962 904
962 905
962 906
962 907
962 908
962 909
962 912
962 913
962 914
962 915
962 916
962 917
962 918
962 919
962 920
962 921
962 922
962 923
962 924
962 925
962 926
962 929
962 930
962 931
962 932
962 933
962 935
962 936
962 937
962 938
962 939
962 941
962 942
962 943
962 944
962 945
962 946
962 948
962 950
962 951
962 952
962 953
962 954
962 955
962 956
962 957
962 958
962 959
962 962
962 963
962 964
962 965
962 966
962 967
962 968
962 969
962 970
962 971
962 972
962 974
962 976
962 977
962 978
962 979
962 981
962 982
962 983
962 984
962 988
962 990
962 992
962 993
962 995
962 996
962 998
962 1000
963 901
963 903
963 905
963 906
963 907
963 908
963 909
963 910
963 911
963 912
963 913
963 914
963 915
963 916
963 917
963 918
963 919
963 920
963 921
963 922
963 923
963 924
963 926
963 928
963 929
963 931
963 932
963 933
963 934
963 935
963 937
963 939
963 940
963 942
963 943
963 944
963 945
963 946
963 947
963 948
963 950
963 951
963 952
963 955
963 956
963 957
963 958
963 960
963 961
963 962
963 966
963 968
963 969
963 971
963 972
963 973
963 974
963 975
963 977
963 978
963 979
963 980
963 982
963 983
963 984
963 985
963 986
963 987
963 989
963 990
963 991
963 992
963 995
963 996
963 997
963 998
963 1000
964 903
964 904
964 905
964 907
964 908
964 910
964 911
964 913
964 914
964 915
964 916
964 917
964 918
964 919
964 920
964 921
964 922
964 923
964 924
964 925
964 926
964 927
964 928
964 930
964 931
964 932
964 933
964 934
964 935
964 936
964 938
964 940
964 941
964 942
964 943
964 944
964 945
964 946
964 947
964 948
964 949
964 951
964 952
964 954
964 955
964 956
964 957
964 958
964 959
964 960
964 962
964 963
964 964
964 965
964 966
964 967
964 968
964 969
964 970
964 971
964 972
964 973
964 974
964 975
964 976
964 977
964 978
964 979
964 981
964 984
964 985
964 987
964 989
964 990
964 992
964 993
964 995
964 996
964 997
964 999
964 1000
965 901
965 902
965 903
965 904
965 906
965 907
965 908
965 909
965 911
965 912
965 913
965 914
965 915
965 916
965 917
965 918
965 920
965 921
965 922
965 925
965 926
965 927
965 928
965 929
965 930
965 931
965 932
965 934
965 935
965 936
965 937
965 938
965 939
965 940
965 941
965 942
965 944
965 946
965 947
965 949
965 951
965 953
965 955
965 956
965 957
965 958
965 959
965 960
965 962
965 963
965 964
965 965
965 966
965 967
965 968
965 969
965 970
965 971
965 972
965 973
965 974
965 979
965 981
965 982
965 984
965 986
965 987
965 988
965 989
965 990
965 993
965 994
965 995
965 996
965 997
965 998
965 999
965 1000
966 901
966 902
966 903
966 905
966 907
966 908
966 909
966 910
966 912
966 913
966 914
966 916
966 917
966 918
966 919
966 920
966 921
966 922
966 923
966 924
966 925
966 926
966 927
966 928
966 929
966 930
966 931
966 932
966 934
966 935
966 936
966 937
966 938
966 939
966 941
966 942
966 943
966 944
966 945
966 948
966 949
966 950
966 951
966 952
966 953
966 954
966 955
966 956
966 957
966 960
966 961
966 962
966 963
966 964
966 965
966 966
966 967
966 968
966 969
966 971
966 972
966 974
966 976
966 977
966 979
966 981
966 984
966 985
966 986
966 988
966 989
966 991
966 992
966 993
966 995
966 996
966 997
966 998
966 999
966 1000
967 901
967 902
967 904
967 905
967 906
967 908
967 910
967 911
967 912
967 913
967 915
967 916
967 917
967 918
967 919
967 922
967 923
967 924
967 925
967 926
967 927
967 928
967 929
967 930
967 931
967 932
967 933
967 934
967 935
967 936
967 937
967 938
967 939
967 940
967 943
967 944
967 945
967 946
967 947
967 948
967 949
967 950
967 952
967 953
967 954
967 955
967 956
967 958
967 959
967 961
967 962
967 963
967 964
967 965
967 969
967 970
967 971
967 972
967 973
967 974
967 978
967 979
967 980
967 984
967 985
967 986
967 987
967 988
967 989
967 990
967 991
967 992
967 993
967 994
967 996
967 997
967 999
967 1000
968 901
968 902
968 904
968 906
968 907
968 909
968 911
968 913
968 914
968 917
968 918
968 919
968 920
968 921
968 922
968 923
968 925
968 926
968 927
968 928
968 929
968 930
968 932
968 933
968 934
968 935
968 937
968 938
968 941
968 942
968 943
968 944
968 946
968 948
968 949
968 951
968 952
968 953
968 955
968 956
968 957
968 958
968 959
968 960
968 961
968 962
968 963
968 965
968 966
968 967
968 968
968 970
968 971
968 972
968 973
968 974
968 975
968 976
968 977
968 978
968 980
968 981
968 982
968 983
968 984
968 985
968 987
968 988
968 989
968 990
968 992
968 994
968 995
968 997
968 998
968 999
968 1000
969 903
969 905
969 906
969 907
969 908
969 909
969 910
969 912
969 913
969 914
969 915
969 916
969 917
969 918
969 919
969 920
969 921
969 922
969 923
969 926
969 927
969 928
969 929
969 930
969 931
969 932
969 933
969 935
969 936
969 937
969 938
969 939
969 940
969 942
969 943
969 944
969 945
969 946
969 947
969 949
969 950
969 951
969 952
969 953
969 954
969 955
969 956
969 958
969 959
969 960
969 961
969 962
969 963
969 966
969 967
969 968
969 969
969 971
969 972
969 973
969 974
969 975
969 976
969 978
969 979
969 980
969 982
969 984
969 985
969 986
969 987
969 988
969 989
969 991
969 992
969 993
969 994
969 995
969 996
969 998
969 1000
970 901
970 902
970 903
970 904
970 905
970 906
970 908
970 909
970 910
970 911
970 912
970 913
970 914
970 915
970 916
970 917
970 919
970 920
970 921
970 922
970 923
970 924
970 925
970 926
970 927
970 928
970 931
970 932
970 933
970 935
970 936
970 937
970 938
970 939
970 940
970 942
970 943
970 944
970 945
970 946
970 947
970 948
970 949
970 950
970 952
970 953
970 954
970 955
970 958
970 961
970 962
970 963
970 964
970 965
970 966
970 967
970 968
970 969
970 970
970 971
970 972
970 973
970 974
970 975
970 976
970 977
970 978
970 980
970 981
970 982
970 983
970 985
970 986
970 987
970 988
970 989
970 990
970 991
970 992
970 993
970 994
970 997
970 998
970 999
970 1000
971 901
971 902
971 903
971 904
971 905
971 906
971 907
971 909
971 911
971 912
971 913
971 914
971 915
971 916
971 917
971 918
971 919
971 921
971 922
971 923
971 926
971 927
971 929
971 930
971 932
971 933
971 934
971 935
971 936
971 938
971 939
971 941
971 943
971 944
971 945
971 946
971 947
971 949
971 950
971 951
971 952
971 953
971 954
971 955
971 956
971 957
971 959
971 961
971 962
971 963
971 964
971 965
971 966
971 967
971 968
971 970
971 971
971 973
971 974
971 975
971 976
971 977
971 978
971 979
971 980
971 982
971 983
971 984
971 985
971 986
971 987
971 988
971 989
971 991
971 992
971 993
971 994
971 995
971 996
971 997
971 999
972 901
972 902
972 903
972 905
972 906
972 907
972 908
972 910
972 911
972 912
972 913
972 914
972 915
972 917
972 918
972 919
972 920
972 921
972 922
972 923
972 924
972 926
972 927
972 928
972 929
972 930
972 931
972 933
972 934
972 935
972 936
972 937
972 938
972 939
972 940
972 942
972 943
972 944
972 946
972 947
972 948
972 949
972 950
972 951
972 953
972 954
972 957
972 958
972 960
972 961
972 963
972 964
972 965
972 966
972 967
972 968
972 970
972 971
972 972
972 974
972 975
972 976
972 979
972 980
972 981
972 982
972 983
972 984
972 986
972 987
972 988
972 989
972 990
972 991
972 992
972 993
972 994
972 995
972 996
972 997
972 999
972 1000
973 901
973 902
973 903
973 904
973 905
973 906
973 907
973 909
973 910
973 912
973 913
973 914
973 915
973 916
973 917
973 918
973 919
973 920
973 922
973 924
973 925
973 926
973 927
973 928
973 930
973 933
973 934
973 935
973 936
973 937
973 938
973 939
973 940
973 941
973 943
973 944
973 945
973 946
973 947
973 948
973 949
973 950
973 951
973 953
973 954
973 955
973 956
973 957
973 958
973 959
973 960
973 961
973 962
973 964
973 965
973 966
973 967
973 968
973 969
973 970
973 971
973 972
973 973
973 974
973 975
973 976
973 977
973 978
973 980
973 981
973 982
973 983
973 984
973 986
973 987
973 988
973 990
973 994
973 996
973 997
973 998
973 1000
974 901
974 902
974 903
974 904
974 905
974 907
974 908
974 909
974 910
974 911
974 912
974 913
974 916
974 917
974 918
974 919
974 920
974 921
974 922
974 923
974 924
974 925
974 926
974 928
974 929
974 930
974 931
974 932
974 933
974 934
974 935
974 937
974 940
974 942
974 943
974 944
974 947
974 949
974 950
974 952
974 953
974 954
974 955
974 956
974 957
974 958
974 959
974 960
974 961
974 962
974 964
974 965
974 966
974 967
974 968
974 969
974 973
974 975
974 976
974 977
974 978
974 979
974 980
974 981
974 983
974 984
974 985
974 986
974 987
974 988
974 989
974 992
974 993
974 995
974 998
974 999
974 1000
975 901
975 902
975 903
975 904
975 905
975 906
975 908
975 910
975 911
975 912
975 913
975 914
975 915
975 916
975 917
975 918
975 920
975 921
975 922
975 923
975 924
975 925
975 926
975 928
975 929
975 931
975 932
975 934
975 935
975 937
975 938
975 939
975 940
975 941
975 942
975 943
975 945
975 946
975 947
975 948
975 949
975 951
975 952
975 953
975 954
975 955
975 956
975 957
975 958
975 959
975 960
975 961
975 962
975 963
975 964
975 965
975 966
975 968
975 969
975 970
975 971
975 972
975 973
975 975
975 976
975 977
975 978
975 980
975 981
975 982
975 983
975 984
975 985
975 986
975 988
975 989
975 990
975 991
975 993
975 994
975 995
975 996
975 997
975 998
975 999
975 1000
976 901
976 902
976 903
976 905
976 907
976 909
976 910
976 911
976 912
976 913
976 914
976 915
976 917
976 919
976 921
976 923
976 925
976 926
976 928
976 929
976 930
976 934
976 936
976 937
976 938
976 940
976 943
976 944
976 945
976 947
976 948
976 952
976 953
976 955
976 956
976 957
976 958
976 961
976 962
976 963
976 964
976 965
976 966
976 967
976 968
976 970
976 971
976 972
976 973
976 974
976 975
976 977
976 979
976 982
976 983
976 985
976 986
976 987
976 988
976 989
976 990
976 991
976 992
976 994
976 996
976 997
976 998
976 1000
977 901
977 903
977 905
977 906
977 908
977 909
977 910
977 911
977 913
977 914
977 917
977 920
977 921
977 923
977 924
977 926
977 927
977 929
977 930
977 931
977 932
977 933
977 934
977 935
977 936
977 937
977 938
977 940
977 941
977 942
977 944
977 946
977 947
977 949
977 951
977 952
977 953
977 954
977 956
977 958
977 959
977 961
977 963
977 964
977 965
977 968
977 971
977 973
977 974
977 975
977 976
977 977
977 978
977 979
977 980
977 981
977 983
977 985
977 986
977 987
977 988
977 989
977 991
977 992
977 993
977 994
977 995
977 998
977 1000
978 901
978 902
978 903
978 904
978 905
978 906
978 907
978 909
978 910
978 911
978 912
978 913
978 914
978 915
978 916
978 917
978 918
978 919
978 920
978 922
978 923
978 924
978 925
978 926
978 927
978 928
978 929
978 931
978 932
978 933
978 934
978 935
978 936
978 937
978 938
978 939
978 941
978 942
978 943
978 947
978 948
978 950
978 951
978 952
978 953
978 954
978 956
978 958
978 960
978 961
978 962
978 963
978 964
978 965
978 967
978 968
978 969
978 971
978 972
978 973
978 974
978 975
978 976
978 978
978 979
978 980
978 981
978 982
978 984
978 985
978 986
978 987
978 988
978 991
978 992
978 994
978 995
978 996
978 998
978 1000
979 901
979 902
979 903
979 904
979 905
979 906
979 907
979 908
979 909
979 911
979 913
979 914
979 915
979 917
979 918
979 920
979 921
979 922
979 924
979 925
979 926
979 927
979 928
979 930
979 932
979 933
979 934
979 935
979 936
979 937
979 940
979 941
979 942
979 943
979 944
979 945
979 946
979 947
979 948
979 949
979 950
979 951
979 952
979 953
979 954
979 956
979 957
979 958
979 959
979 960
979 961
979 965
979 966
979 967
979 968
979 969
979 970
979 971
979 972
979 973
979 974
979 975
979 976
979 977
979 978
979 979
979 981
979 982
979 983
979 985
979 986
979 987
979 989
979 990
979 993
979 994
979 996
979 998
979 999
979 1000
980 901
980 903
980 904
980 905
980 906
980 908
980 909
980 912
980 913
980 914
980 915
980 916
980 917
980 918
980 920
980 921
980 922
980 923
980 926
980 927
980 928
980 929
980 931
980 932
980 933
980 936
980 938
980 939
980 941
980 942
980 943
980 944
980 945
980 946
980 947
980 948
980 949
980 950
980 951
980 954
980 955
980 956
980 957
980 958
980 959
980 960
980 961
980 962
980 963
980 964
980 965
980 966
980 967
980 968
980 970
980 971
980 972
980 973
980 974
980 975
980 976
980 977
980 978
980 979
980 980
980 981
980 982
980 983
980 984
980 985
980 987
980 988
980 989
980 991
980 992
980 993
980 995
980 996
980 997
980 998
980 999
980 1000
981 901
981 902
981 904
981 905
981 906
981 907
981 908
981 910
981 911
981 912
981 914
981 915
981 916
981 917
981 918
981 920
981 921
981 922
981 923
981 924
981 925
981 926
981 927
981 928
981 929
981 930
981 931
981 934
981 937
981 939
981 941
981 942
981 943
981 944
981 945
981 946
981 947
981 948
981 950
981 952
981 953
981 954
981 956
981 957
981 958
981 959
981 960
981 961
981 962
981 963
981 964
981 965
981 966
981 967
981 968
981 970
981 971
981 973
981 974
981 975
981 976
981 978
981 979
981 980
981 981
981 982
981 984
981 986
981 987
981 988
981 990
981 991
981 992
981 993
981 994
981 995
981 997
981 998
981 999
982 901
982 902
982 903
982 904
982 905
982 907
982 908
982 909
982 912
982 914
982 916
982 917
982 918
982 919
982 921
982 922
982 923
982 925
982 926
982 927
982 928
982 930
982 931
982 934
982 935
982 936
982 937
982 938
982 941
982 942
982 943
982 944
982 945
982 946
982 948
982 949
982 950
982 951
982 952
982 955
982 956
982 957
982 959
982 960
982 961
982 962
982 963
982 964
982 966
982 967
982 968
982 969
982 970
982 972
982 973
982 974
982 975
982 976
982 977
982 978
982 979
982 980
982 981
982 982
982 983
982 984
982 985
982 986
982 988
982 989
982 990
982 991
982 992
982 994
982 995
982 996
982 998
982 999
983 901
983 905
983 906
983 907
983 908
983 909
983 910
983 911
983 912
983 913
983 914
983 915
983 916
983 917
983 918
983 920
983 921
983 922
983 924
983 925
983 926
983 927
983 928
983 929
983 930
983 931
983 932
983 933
983 934
983 935
983 936
983 937
983 938
983 940
983 941
983 942
983 944
983 945
983 946
983 947
983 949
983 950
983 951
983 952
983 953
983 954
983 955
983 956
983 957
983 959
983 960
983 962
983 963
983 966
983 967
983 968
983 970
983 971
983 972
983 973
983 974
983 976
983 977
983 978
983 980
983 981
983 982
983 984
983 985
983 988
983 989
983 991
983 992
983 993
983 994
983 995
983 996
983 997
983 998
983 1000
984 902
984 904
984 906
984 908
984 909
984 910
984 911
984 913
984 914
984 915
984 916
984 918
984 920
984 921
984 923
984 924
984 925
984 927
984 928
984 929
984 930
984 931
984 932
984 933
984 934
984 936
984 937
984 938
984 939
984 940
984 941
984 942
984 943
984 944
984 945
984 946
984 947
984 948
984 949
984 950
984 952
984 953
984 954
984 955
984 958
984 959
984 961
984 962
984 963
984 965
984 967
984 968
984 970
984 975
984 977
984 978
984 979
984 980
984 981
984 982
984 983
984 984
984 985
984 986
984 987
984 988
984 989
984 990
984 992
984 993
984 994
984 995
984 996
984 997
984 999
984 1000
985 901
985 903
985 904
985 905
985 906
985 907
985 908
985 909
985 910
985 911
985 912
985 913
985 914
985 915
985 916
985 918
985 919
985 921
985 922
985 923
985 924
985 925
985 926
985 927
985 928
985 929
985 930
985 931
985 932
985 933
985 935
985 936
985 937
985 938
985 939
985 943
985 946
985 948
985 949
985 950
985 951
985 952
985 953
985 954
985 955
985 956
985 957
985 959
985 960
985 961
985 962
985 964
985 965
985 967
985 968
985 970
985 972
985 974
985 975
985 976
985 977
985 979
985 980
985 982
985 984
985 985
985 987
985 988
985 989
985 991
985 992
985 993
985 994
985 995
985 996
985 997
985 999
985 1000
986 901
986 902
986 903
986 904
986 905
986 906
986 907
986 908
986 909
986 911
986 912
986 914
986 915
986 916
986 917
986 918
986 920
986 921
986 922
986 923
986 924
986 926
986 929
986 931
986 933
986 934
986 936
986 938
986 939
986 940
986 942
986 944
986 945
986 946
986 947
986 948
986 949
986 951
986 952
986 953
986 954
986 956
986 958
986 959
986 961
986 962
986 964
986 965
986 966
986 967
986 968
986 969
986 971
986 972
986 975
986 976
986 977
986 978
986 979
986 980
986 981
986 982
986 983
986 985
986 986
986 988
986 989
986 990
986 991
986 992
986 994
986 995
986 996
986 997
986 998
986 999
986 1000
987 903
987 904
987 905
987 906
987 907
987 909
987 910
987 911
987 912
987 913
987 914
987 915
987 916
987 918
987 919
987 920
987 921
987 922
987 923
987 925
987 926
987 927
987 928
987 929
987 930
987 931
987 932
987 933
987 935
987 936
987 937
987 938
987 939
987 940
987 941
987 942
987 943
987 945
987 946
987 947
987 948
987 949
987 952
987 954
987 955
987 956
987 957
987 958
987 960
987 961
987 963
987 964
987 965
987 966
987 967
987 969
987 970
987 971
987 972
987 973
987 974
987 975
987 976
987 977
987 978
987 980
987 981
987 982
987 983
987 984
987 986
987 987
987 988
987 989
987 990
987 991
987 992
987 993
987 994
987 995
987 997
987 998
987 999
987 1000
988 901
988 902
988 903
988 904
988 905
988 906
988 907
988 908
988 909
988 911
988 912
988 913
988 914
988 915
988 916
988 917
988 918
988 919
988 921
988 922
988 923
988 924
988 926
988 927
988 930
988 931
988 932
988 934
988 935
988 936
988 937
988 939
988 940
988 941
988 942
988 943
988 944
988 945
988 946
988 947
988 948
988 949
988 950
988 951
988 953
988 954
988 955
988 956
988 957
988 958
988 959
988 960
988 961
988 962
988 963
988 965
988 966
988 968
988 969
988 970
988 971
988 973
988 978
988 979
988 980
988 981
988 983
988 985
988 986
988 987
988 988
988 989
988 990
988 991
988 992
988 993
988 994
988 995
988 997
988 998
988 999
989 902
989 903
989 904
989 905
989 906
989 908
989 909
989 911
989 912
989 913
989 914
989 915
989 916
989 917
989 918
989 919
989 920
989 921
989 922
989 923
989 924
989 925
989 926
989 927
989 928
989 929
989 930
989 931
989 932
989 934
989 936
989 937
989 940
989 941
989 942
989 944
989 945
989 946
989 948
989 949
989 950
989 951
989 953
989 954
989 955
989 956
989 959
989 960
989 962
989 963
989 965
989 967
989 968
989 969
989 970
989 971
989 972
989 973
989 974
989 975
989 977
989 978
989 979
989 981
989 982
989 984
989 986
989 987
989 989
989 990
989 991
989 992
989 993
989 994
989 995
989 997
989 999
989 1000
990 901
990 902
990 903
990 904
990 905
990 906
990 908
990 909
990 910
990 911
990 912
990 916
990 917
990 918
990 919
990 920
990 921
990 923
990 926
990 927
990 928
990 929
990 930
990 931
990 932
990 933
990 934
990 935
990 936
990 937
990 938
990 939
990 940
990 941
990 942
990 943
990 944
990 945
990 948
990 949
990 950
990 951
990 954
990 955
990 956
990 957
990 959
990 960
990 961
990 962
990 963
990 964
990 965
990 966
990 967
990 968
990 969
990 970
990 971
990 972
990 973
990 974
990 975
990 976
990 977
990 978
990 979
990 983
990 984
990 985
990 986
990 990
990 991
990 992
990 993
990 994
990 995
990 996
990 998
990 999
990 1000
991 901
991 903
991 904
991 907
991 908
991 909
991 910
991 911
991 912
991 913
991 914
991 918
991 919
991 920
991 921
991 922
991 923
991 925
991 928
991 929
991 930
991 931
991 932
991 933
991 935
991 936
991 937
991 938
991 939
991 943
991 944
991 945
991 946
991 948
991 949
991 950
991 951
991 952
991 953
991 954
991 956
991 957
991 959
991 960
991 962
991 963
991 964
991 966
991 967
991 968
991 969
991 970
991 972
991 973
991 974
991 975
991 977
991 978
991 979
991 980
991 982
991 983
991 984
991 985
991 986
991 987
991 988
991 989
991 991
991 993
991 994
991 997
991 998
991 999
992 901
992 903
992 904
992 905
992 906
992 908
992 909
992 910
992 911
992 914
992 915
992 916
992 917
992 918
992 919
992 920
992 921
992 922
992 923
992 924
992 925
992 927
992 929
992 930
992 931
992 932
992 933
992 934
992 935
992 938
992 940
992 941
992 945
992 946
992 947
992 948
992 949
992 950
992 952
992 954
992 955
992 956
992 957
992 958
992 959
992 960
992 962
992 965
992 966
992 967
992 970
992 972
992 973
992 974
992 975
992 976
992 977
992 978
992 979
992 980
992 981
992 982
992 984
992 985
992 986
992 987
992 988
992 989
992 990
992 991
992 992
992 995
992 996
992 999
992 1000
993 902
993 903
993 904
993 905
993 906
993 908
993 909
993 910
993 911
993 913
993 914
993 915
993 916
993 917
993 919
993 920
993 921
993 922
993 923
993 924
993 925
993 926
993 927
993 928
993 929
993 930
993 931
993 933
993 934
993 935
993 937
993 938
993 939
993 940
993 942
993 945
993 946
993 949
993 950
993 951
993 952
993 953
993 954
993 956
993 957
993 959
993 960
993 961
993 962
993 963
993 964
993 965
993 967
993 968
993 969
993 970
993 971
993 972
993 973
993 974
993 975
993 976
993 977
993 978
993 979
993 980
993 981
993 982
993 983
993 986
993 988
993 989
993 990
993 991
993 992
993 995
993 996
993 997
993 998
993 999
994 901
994 902
994 904
994 905
994 909
994 910
994 911
994 912
994 913
994 914
994 915
994 916
994 917
994 919
994 920
994 921
994 923
994 924
994 926
994 927
994 928
994 929
994 931
994 933
994 934
994 935
994 936
994 937
994 938
994 939
994 940
994 941
994 942
994 944
994 945
994 946
994 947
994 948
994 949
994 950
994 951
994 952
994 953
994 955
994 957
994 958
994 959
994 960
994 961
994 962
994 964
994 965
994 966
994 967
994 968
994 969
994 970
994 971
994 972
994 973
994 974
994 975
994 976
994 978
994 980
994 981
994 982
994 983
994 985
994 986
994 988
994 989
994 990
994 991
994 992
994 993
994 994
994 996
994 997
994 998
994 999
995 901
995 902
995 904
995 905
995 906
995 907
995 908
995 910
995 911
995 912
995 913
995 914
995 915
995 916
995 917
995 919
995 920
995 921
995 922
995 924
995 925
995 926
995 927
995 928
995 929
995 930
995 932
995 933
995 934
995 935
995 936
995 937
995 938
995 939
995 940
995 941
995 942
995 943
995 944
995 946
995 948
995 949
995 950
995 951
995 952
995 953
995 954
995 955
995 957
995 959
995 960
995 962
995 963
995 964
995 966
995 968
995 969
995 971
995 972
995 974
995 975
995 976
995 977
995 979
995 980
995 981
995 983
995 984
995 986
995 989
995 990
995 991
995 993
995 994
995 995
995 997
995 998
996 901
996 902
996 903
996 904
996 905
996 906
996 907
996 908
996 909
996 910
996 911
996 913
996 914
996 916
996 918
996 919
996 920
996 921
996 922
996 923
996 924
996 925
996 926
996 928
996 929
996 930
996 931
996 932
996 933
996 934
996 936
996 939
996 941
996 943
996 944
996 945
996 946
996 947
996 949
996 950
996 951
996 952
996 953
996 955
996 956
996 957
996 958
996 959
996 960
996 961
996 962
996 963
996 964
996 966
996 967
996 968
996 969
996 970
996 971
996 972
996 973
996 974
996 975
996 976
996 979
996 980
996 982
996 983
996 985
996 986
996 987
996 988
996 989
996 990
996 991
996 992
996 993
996 995
996 996
996 997
996 999
996 1000
997 901
997 902
997 903
997 904
997 905
997 906
997 907
997 908
997 909
997 910
997 911
997 912
997 913
997 914
997 915
997 916
997 917
997 919
997 920
997 921
997 922
997 923
997 924
997 925
997 926
997 928
997 929
997 930
997 931
997 932
997 934
997 935
997 936
997 937
997 938
997 939
997 940
997 941
997 942
997 943
997 944
997 945
997 946
997 947
997 948
997 949
997 950
997 951
997 953
997 954
997 955
997 956
997 957
997 958
997 959
997 960
997 961
997 962
997 964
997 965
997 966
997 967
997 968
997 969
997 970
997 972
997 973
997 974
997 976
997 977
997 978
997 979
997 980
997 983
997 984
997 985
997 986
997 987
997 988
997 989
997 990
997 991
997 992
997 993
997 995
997 996
997 997
997 998
997 999
997 1000
998 901
998 902
998 903
998 904
998 905
998 907
998 908
998 909
998 910
998 911
998 912
998 914
998 915
998 916
998 917
998 918
998 920
998 922
998 923
998 924
998 925
998 926
998 927
998 928
998 929
998 931
998 932
998 933
998 934
998 936
998 937
998 938
998 939
998 940
998 941
998 942
998 944
998 945
998 946
998 947
998 948
998 949
998 950
998 952
998 953
998 955
998 956
998 957
998 958
998 959
998 960
998 961
998 962
998 963
998 964
998 965
998 966
998 967
998 968
998 969
998 971
998 972
998 974
998 976
998 977
998 978
998 979
998 980
998 981
998 982
998 984
998 985
998 987
998 988
998 989
998 990
998 991
998 992
998 993
998 994
998 995
998 996
998 997
998 998
998 999
998 1000
999 901
999 902
999 903
999 904
999 905
999 906
999 907
999 908
999 909
999 910
999 911
999 913
999 915
999 916
999 917
999 919
999 920
999 921
999 922
999 923
999 924
999 926
999 927
999 928
999 930
999 931
999 932
999 933
999 934
999 935
999 936
999 939
999 940
999 942
999 943
999 944
999 945
999 946
999 947
999 948
999 949
999 950
999 951
999 952
999 953
999 955
999 956
999 957
999 960
999 961
999 962
999 964
999 965
999 966
999 967
999 968
999 969
999 971
999 972
999 973
999 974
999 975
999 976
999 978
999 979
999 980
999 981
999 982
999 983
999 985
999 986
999 987
999 988
999 989
999 990
999 991
999 992
999 994
999 995
999 997
999 998
999 999
999 1000
1000 902
1000 903
1000 904
1000 905
1000 906
1000 907
1000 908
1000 909
1000 910
1000 911
1000 912
1000 913
1000 914
1000 916
1000 917
1000 918
1000 919
1000 920
1000 921
1000 922
1000 923
1000 924
1000 926
1000 927
1000 928
1000 929
1000 930
1000 931
1000 932
1000 933
1000 934
1000 935
1000 936
1000 937
1000 938
1000 939
1000 940
1000 941
1000 942
1000 943
1000 946
1000 947
1000 948
1000 949
1000 950
1000 951
1000 952
1000 953
1000 954
1000 956
1000 959
1000 960
1000 961
1000 962
1000 964
1000 966
1000 967
1000 968
1000 969
1000 971
1000 972
1000 974
1000 977
1000 980
1000 983
1000 985
1000 986
1000 987
1000 988
1000 989
1000 990
1000 991
1000 992
1000 993
1000 996
1000 997
1000 998
1000 999
1000 1000
