100
30
232698936 752717200 283964700 567532672 139477620 32461280 641986944 151911300 381886092 379250450 952456257 380090514 524669440 983107840 666292224 235723040 688623192 377760000 135760896 178889912 498079978 53218400 494641771 562093952 886810416 589370240 793361792 164791984 957683776 59862000 
30
891433572 472775168 566877300 993099800 941851750 377143664 504112050 649792700 875746840 673538816 954713936 777324375 683295040 345049920 71629900 867385120 705906792 136068360 816476256 847212320 195265599 120691520 339607860 689121078 885978176 356389445 631188000 129593680 316963324 930814720 
29
684483744 283351040 49163600 84836572 690272255 398019196 819479108 576836024 760649322 510171975 433027736 120988400 767867038 544694372 500774158 132030280 129536350 586198880 16863800 653760000 626934830 857509240 710193200 495578250 607842688 682886400 516504404 270536124 865448784 
30
938380240 880014944 331667460 438513056 48241440 844943400 248122306 323763152 765267765 242145160 643824460 447334702 672854808 35778648 378677536 624735817 595693824 50939760 173462720 397281696 776671932 150181760 273789292 407737724 311884416 53827600 440846875 962982400 598583040 271424000 
30
959640475 45665984 695484625 469302272 367672620 776750800 381306000 822156584 764729600 883811030 809939400 906755600 47218116 283735040 45613480 988386800 847608480 130054337 62617960 140109080 28524960 652440884 766435312 974106050 268380970 245403240 35390800 686328034 311839894 81079600 
30
388672000 171631648 531685800 962575260 464941664 820679680 2322048 538200100 19509370 956572384 579577300 254169720 442106240 410030720 978219944 839966682 140885584 154630800 75419809 924925625 169770830 48345504 628858496 23872500 554836256 31091714 199939952 376837568 457253040 248217972 
30
958695600 404138368 465464626 355912960 165262680 761301624 102400 190010250 783553875 107475200 976494144 524571700 898731280 983990608 672194988 78802720 261696960 361279552 885857394 554053056 368718650 849454000 425681280 263676000 394243125 802093452 145076128 198435136 796287400 841177600 
30
58602760 790634904 983280500 503557114 105528855 497024512 362596744 794660184 720328157 698972160 498633356 906441560 804426624 546165750 155148704 324724240 123677900 750173216 386419620 942950110 855939328 624729880 956945260 175851970 546393152 207444544 449466731 285996400 82981720 79135204 
30
576227200 12010320 802278132 90150400 91724080 462349880 632910464 425884740 265679232 964506880 853509680 221680784 89279320 189541700 228985406 368354880 69941840 427152275 757835776 932936260 161236560 352032160 837178424 927571824 827613840 57471600 482907280 691845550 699939712 469974400 
30
336483520 796232320 637259342 716776800 148253568 792881208 956867223 897809952 944179200 621778992 318834953 866560000 490776904 419799887 362674780 530102276 796233650 441887696 606042880 282335664 697468710 976483792 736150400 540665000 451620000 753630400 678819648 711930780 959004230 141463584 
30
75344512 87960640 649133680 251777405 233919472 145345 289255168 213459200 853334696 996967300 420601868 369259220 474593280 426282160 333897920 60312410 578024960 634866440 302280288 396490530 587317600 607526480 865621600 923876000 963325475 142502832 208908000 650538597 978414424 631151872 
30
955056864 573069792 31756040 915808780 289518240 957574688 273043300 199418375 406767360 658859340 688409600 96270552 550627160 186427200 356175872 203456000 19889290 873129375 692443760 350922640 957121216 675311340 752724224 24648384 535878976 311521760 287210264 566486760 247375408 467419070 
30
733760000 477854784 279429770 795222280 371610872 828622845 387611800 834967000 992741870 955374208 358136400 660705580 448241900 368163600 286998880 817138198 355092480 718752510 202335025 778901600 487306748 382049280 23216960 297560000 414494000 864839520 774595232 252526826 757797608 798954600 
30
692403330 879947520 478533280 983863040 615046688 149378592 811711520 842047960 427148172 98717280 428836040 954849064 156012120 808743296 334528000 32580152 868976640 38081536 490919420 664032000 523363750 914871584 197156640 451417350 412500655 261163200 30302000 209327192 162442378 391054304 
30
876398368 184784845 789959692 195673600 500261760 122884032 992480000 737474170 69073955 886964400 203676272 613939096 546659055 919684480 265980000 40034048 413375640 437138640 107530400 308592550 907712500 774058264 178041600 594290736 214440 966801200 946430896 840147440 834173464 649458800 
30
685819600 483599552 899353472 209183050 6136544 28554480 888804322 841915072 458577400 157014475 184834400 120052112 804751819 1284608 825578620 763016720 411737250 736683719 289366200 271902520 10661472 949713520 483385600 31697750 76313274 739407920 560788900 266867210 205122684 92135424 
30
795185600 973557144 386403328 777584128 940367296 117616000 184812556 611279584 301571072 553630860 145161984 102891500 590229528 697272512 25023600 747259840 939911452 957920935 461952480 24633144 910767070 778380800 927062304 595745456 916430090 751468896 341204800 455302800 960190560 57484800 
30
738610560 933538300 681016834 777092608 706036876 690946690 393716360 467567576 192037920 624966576 756786344 562617728 796841016 672532864 663414045 113295360 36668564 205137800 655077025 190385480 203015500 103685972 934372870 454492672 149096600 736858797 813099482 365727360 20911460 460045200 
30
800694876 907361474 685985888 515538800 503811128 771670848 557664444 36919680 939368672 80838750 899958708 438078890 178560490 219751534 851264000 351758200 417396672 117855256 764006488 299108400 105542816 254025728 909097870 199740160 446368800 396257350 572899464 45663000 754993260 598326800 
29
621286720 357269519 996668736 817839520 445154136 848213111 76201400 970657214 389332000 731319460 667576960 93011840 325370720 292710400 319290000 819583200 668423280 254752000 616242440 697075520 453048560 108008000 839718400 98932000 711798500 0 7096690 750455744 996827632 
30
523583180 830809600 715757600 613217716 252472624 398076683 700841076 723396750 910415256 830903176 560816000 543480066 952320800 757092560 616715250 698869250 556959732 340605088 166341390 502476250 165626902 933514890 247614928 204000000 470871800 656773780 520998095 359925957 684444116 438171900 
30
374527840 179740220 647224000 627895560 408529040 501214140 727984250 477758048 579317125 968227136 459141760 810298400 146982688 443601536 207872325 59082776 484637876 936075600 939916480 588480000 70916336 773140750 464840896 169352914 445923981 821175408 733303000 58912377 669602720 524802418 
30
137277250 827617100 530936970 272798720 440332040 216161912 376359452 236365280 571150540 609439970 736776590 482194550 634069760 121785904 280482950 264850704 291254500 13439616 891856250 190914960 790259825 125504052 115863500 325780172 23293888 169980736 577302800 529764516 696499920 354695615 
30
279729592 534256160 11532004 859960320 341582560 683073600 980274270 957240148 157506296 617247456 918864320 571374864 677715200 761572704 508017635 609265440 511334540 636319824 832909880 24526700 298712888 936416352 512520800 121284496 414447140 850863800 615787100 664720580 171888078 119899808 
30
710151030 591159254 141383048 293917036 209458935 568749128 119084080 175760160 873490496 363358180 946291132 499166640 505036180 953996160 309303034 650936824 783345416 233751026 81241200 461464720 11052345 672993976 892366750 344426950 198141440 691856400 761344000 303916680 826443244 969970376 
30
67295150 73783488 734897420 963276032 362673138 331141185 250868696 959352000 167884800 556666368 266540530 67086200 701639480 224769750 530814800 327764960 685318032 491052460 332774192 667122360 91940750 502651170 533960286 244929536 930912288 913358480 719634836 279834880 103073964 980137844 
30
533886128 738265600 373979532 134659968 132038500 586786000 579260840 820504920 249545840 167084640 922144000 252783740 208528784 261987850 810768000 454706548 696256000 168492750 797492880 71152800 464091520 93354000 662136640 377117856 288640000 455758820 972030800 648450480 979999840 913297600 
30
265103864 324029200 801755080 357910014 60905920 440714830 514317720 523604816 414285844 675162512 284965440 231713010 236744800 933314340 431915440 836249696 577990768 605572048 970498546 983241590 341116864 423146600 687890144 566014854 505376706 870139520 957561760 186466400 882565120 833306320 
29
151505500 42218810 549994560 34774976 431804240 421981952 622086000 162063815 256061184 517716976 555588480 942766080 287979970 72245600 944727710 203055200 338195070 533550704 789758340 483383072 771542298 715871050 108714892 415880 627508880 629501375 999125728 890624384 814837104 
30
252448000 754117075 718962832 461318000 552230820 675602944 470205150 436180916 169775680 863381640 876847360 962798150 577702328 531548478 507255870 599668874 415720104 988719168 855884401 369005920 577804000 460352000 756035200 166094960 43688250 655121655 492409120 339150000 885440000 701065552 
29
674658940 90866432 407850000 41704815 755963250 180342400 164511200 535868520 639440424 757587200 546638256 880357632 224988688 155415680 749263946 731290000 190357600 430314738 515679080 314693300 716479488 211826470 20463016 741615040 667559540 630848560 779609988 454699680 478402657 
30
608451456 835356000 680642616 572211200 445329440 130118252 177008280 561287370 698681312 971961380 663024552 225796500 550034400 840347360 373862388 218995000 943781448 176873560 289462200 928617600 906721118 837863920 521247640 554035000 180401552 151241804 923408624 618374000 483617040 402469082 
30
304206112 419714376 95356896 142667975 55186999 983463200 717016000 180708020 208875520 48619660 246215296 222248418 736521490 662280000 636757760 109662720 853629440 680343320 450952960 452931918 678418960 637853750 770730800 503606848 344820224 345484168 70494763 96441600 484074300 463089240 
30
491803160 624714050 893095080 514602432 473691168 884517600 5060220 562890520 523952540 404912140 392610320 251789728 733234350 388351690 134510336 486094750 212768880 107192100 845920200 414231040 317754400 104123792 91171356 913677920 875772160 199464128 28359680 161429904 425108240 645908800 
29
110506340 55059067 545459664 729034612 542652224 425330258 514570040 746525650 270572880 422537840 541067200 452080480 323312920 86243000 714528415 106243520 659417600 865804560 731188765 87293696 297184160 350244645 584983188 141806912 68708160 19328000 65180850 73660160 904250500 
30
985329850 898997816 488405800 352703680 383103680 603484500 595121083 707657200 809228050 179466800 18492590 399972608 570785960 915257132 321640960 245044660 296870800 247163000 443688944 530400000 155286400 934824960 37960000 243313120 903894272 645090000 954287100 163234976 868417400 242148920 
30
212612500 994639176 496044768 452706880 941312000 751764128 66281760 229994240 231944728 977705405 18702602 121452800 441977000 512212000 178637904 189641972 202037830 958400000 741361957 969672008 774148672 523317588 931447750 537487360 855420060 638614672 855737248 929883264 493267520 726942850 
30
963621056 704546688 285025280 813353050 200936425 447708032 125088000 49828900 127683200 689227488 170330880 15597468 421420160 566068480 213230336 505391920 352040000 516217600 642112000 821252680 131265200 656587000 435707516 937699280 716930660 896776320 569697101 154154067 523027424 454948110 
30
459726200 782915760 245783336 805404000 657227960 333926880 970254080 194729600 223461568 527318215 479850000 419766420 455134600 763339280 549090115 662146560 299852560 813834864 228681060 595210600 933941384 802863360 32326500 864769264 321819664 970902125 397857600 493218700 808650240 269196800 
30
56519472 446701936 947846932 655977000 773841509 221083200 659999168 989706420 876491720 340821408 152073840 688876352 382405120 803780272 851857520 385856800 933229280 492364160 740841984 821752748 189396480 880432000 898248000 678856725 581173510 951301360 848249000 192510090 947628830 971540805 
30
946819072 594912000 464761472 592970528 995891200 84267630 144962400 435807360 471492624 839976592 712492456 945079680 685748000 370586020 619339680 61042264 554934784 205362560 591219804 608961982 935657455 556239420 732091268 639707920 83236086 696155539 519686032 491767488 543212736 176616892 
30
57280625 91285308 140043106 31617510 820804288 843915860 641276290 385893940 213647685 123668224 425657530 144388478 704568150 995042160 762113200 844130948 620185664 504848082 645275960 103774790 197505088 483440640 507802260 891293440 403880736 174373728 139540480 296299000 174884000 889163264 
30
391585600 970203200 621067880 541372000 169452288 180946752 362776448 89922356 425539720 174820214 629114680 920616280 284982560 606825920 73889024 386746740 89221120 951638528 590766400 64075680 30789560 602729640 753860880 119592085 510903880 480015696 448608320 600101312 553717600 35576960 
29
412548760 922987080 151685716 69485576 367366880 331522910 528800445 263056040 113892864 610233920 572920068 731875040 318589440 623381020 38707312 490657600 293416800 774223352 984837860 762311552 210793050 109900800 112169513 124856952 711243536 373527040 349724104 249811584 103711232 
30
502418512 594155160 822658000 351869440 110186260 492846288 99220380 164486470 870894480 747494240 754053392 881711616 776318760 94686720 926866144 43306960 572233958 140218880 295421730 972147120 606028748 611560644 861288992 181761712 362372960 225548160 576585758 560411200 6879425 163285592 
30
478811392 458630880 460363732 131795216 620466670 668766848 196653000 935057984 290351000 482212830 621031720 813779668 393086296 938766400 666074040 476674130 37719784 499489368 93806640 105267120 325162680 715068984 300735648 80468568 531142240 714731080 275806680 710656720 88315413 96128180 
30
677004510 612654592 813076560 422199196 271932000 199110600 999600669 480997005 433033232 273729368 250112000 284688968 479985925 354228445 535416874 86929688 919084080 48839040 435484080 477595696 746728288 279802752 415694648 1182576 183461376 695612424 177432000 621676800 4598680 96557224 
29
450223000 284604424 812456836 883985920 840669090 583661780 906875840 604482560 2930856 565039720 949648256 715423672 562063350 246749760 513946240 839583737 449892200 519803840 811198720 889356160 667843650 517089695 946792200 106473216 177874976 325879444 975911080 190710329 945281160 
30
10522600 313261872 759196080 255662400 410161152 338875080 729198750 641482300 65260818 718744300 786464500 843174800 113204750 51076928 594637072 41889952 226042062 153429000 23899168 130317944 926737672 542668800 45575680 51689574 856023740 547829040 670442560 18007200 812455680 332831840 
30
312670550 465656442 647219200 544294064 467272192 99326298 807552000 25375520 715119900 827088640 598953100 365379500 885584240 147462240 205903500 802812610 479567038 467275600 206701328 188999680 851590976 369664651 715609088 480908800 649649472 841466750 829875725 659125500 888949536 591942000 
30
294579500 23700200 888349440 943307616 81910784 262790875 700973100 864500000 775692800 58076800 249250875 564588800 559630720 62817280 912181170 751450000 323114120 425228800 510177800 300912192 646400320 254666240 984105616 968021700 278062005 21914150 226643740 490260000 929373600 456463480 
30
675845200 707381445 385787200 384585456 480524428 16036544 321092128 118557040 364067403 769184168 416672040 855114240 15030050 544226040 44047520 758770000 840682880 23292740 629428336 164289288 26592357 13883983 978998784 13482008 881001828 421314528 188309760 108091976 178866274 345128236 
30
659937600 863290573 105214640 93515950 537443080 262501922 159985296 149147394 70067584 697578260 39240000 740800512 328876320 737274270 237241160 451367720 904380010 355976172 875765760 305156224 100006964 191352790 756611536 300335426 673611380 567658536 71687120 702911424 423261000 523216800 
29
513118720 135237200 911041020 676827984 69836856 217840196 950834688 503625120 942828544 631738026 152868576 189030130 267195820 395635200 40815344 166280952 78486884 948318640 631350850 309633650 577189056 926654453 502591450 912691728 575364664 855983152 982316000 735738400 845942000 
30
226076864 613704000 525187716 715643750 398828920 53464400 682595750 151851840 997056928 67350120 656148160 166156650 445883877 175705440 44716975 490871734 6416000 573697500 127636160 321116352 458338480 25248480 842514900 12949060 698482368 414323388 361878400 259775744 917130373 119210040 
30
716695888 466460856 590445320 243321120 353024960 14313088 504085556 195396 285571840 434221320 180997500 331187740 965250080 924961280 226023476 967828086 112903280 642154519 536028750 516034192 374924992 516498950 464973568 276111232 956978500 484962880 492835904 933773568 915510560 961315560 
30
891658736 271047956 122284292 179587750 174910528 935001824 127678560 396526088 354513536 240434900 152156160 700166880 26428240 935991766 405393920 278280288 122542000 727503475 527050020 853245952 779636768 356858060 490937800 22272098 587236800 550988000 250435900 416483500 788113750 614890480 
30
57793920 334728636 509974880 502101760 952658672 1373674 528502664 933746700 94575616 775071370 405973312 252528100 501534300 618387104 795914840 460067656 524890824 289528360 263193750 574184760 916765020 953321185 342609800 10839244 490646554 557361922 143765600 808163320 250361232 807134880 
30
675625824 539521120 805993216 161523384 722874200 361492816 624280000 422128316 37085184 881062544 774953400 80614260 324734496 629068928 807630720 46541400 135210300 753486144 727968060 584816920 424129152 84290560 174918000 558272200 928962288 450602812 389963055 308578400 540310480 521456640 
30
616897376 859346000 24924800 293910000 968725120 35227168 825996090 68522450 9039320 665915152 347146852 638798800 656052520 600804500 144892000 778345272 409666112 35204120 908844332 771144192 238896707 481165000 707885632 399547200 317995688 351017206 337595406 2389134 125450560 261918240 
30
769036110 612909000 604754500 641945600 747633748 672189988 128119680 282916992 251724540 496845384 156411468 473674000 282028760 716451038 852134520 140866388 911540510 894604408 694252850 134554579 517989320 615607840 123776726 325093466 170554016 269144480 534234176 772767194 46357700 766217200 
30
452170240 209745120 52433600 737374080 320257580 997179740 306399232 338681944 119920640 126565250 37176140 21968480 434915274 151358540 79571904 469733285 959385684 434230900 481409920 484497736 547431250 537046330 408382248 675266930 262055300 412413440 46340808 702589280 703839007 273457800 
30
875380112 369085940 953047600 674730088 794200000 588377952 142993600 659388208 278750104 886021632 942239360 371936680 937029120 850518510 700530240 349376288 574381792 347351700 977004608 215624160 828603952 801754240 147394744 980197540 606887780 698044328 701321960 318736900 625602736 644959480 
30
460838606 612544180 985725330 928318730 943748972 727185280 272184496 466496632 360234720 645441504 597734805 21571592 203674990 569444160 255039128 464695040 211503343 128642314 613499640 737730060 371998865 244870740 978578040 350929920 188507360 154398082 16726270 797708200 56158912 506845882 
30
431528408 633091200 797764440 44434880 402220400 970551040 594841280 449937525 608576448 738051520 929974028 227266250 444479260 328312576 329313965 848374480 610842120 526491600 456307392 220834768 863824830 148434056 631600134 506295720 83208800 393221632 909918784 807388468 57429376 999064112 
29
49280748 356208750 704097600 256683906 223950384 473639880 74117312 189663440 578555120 960124928 92686190 581698944 103790848 924385320 351165320 461318900 280892160 486326146 249185480 383900912 73528324 949928000 312456355 430892688 894248080 89320321 362212340 543525000 100321410 
30
859139840 172749716 66542200 989723376 615072775 500626464 968139744 204551580 588722400 647251615 590249500 6812360 717324880 185914520 833176115 11156224 823456256 872068408 285598400 51198728 751252574 904749824 805918084 286692194 218351328 415241140 396306665 12553452 713896042 510093312 
30
532811280 720322500 553330560 848494080 671296960 82724000 585001680 793924528 806494960 661367120 920171328 514830764 367346240 76322110 650864192 868202100 909904960 660073094 471009845 744296930 380565376 579065216 625228800 869671600 53534944 968157184 893230310 173429584 832965726 150021616 
29
866612800 286346300 905014235 254803224 532955468 826802276 103226150 65714600 287845504 899569840 66178920 801852582 935538720 986783500 840352688 78222144 36736534 744714936 442903300 181281128 798983800 576528320 260465520 734896000 789336000 652882048 944863408 777475200 21868464 
30
362538365 201864660 516603840 114410460 237120000 885440000 112460800 357276928 838368578 127920600 721019390 818393600 959107275 335663200 863038912 289627040 880825180 233653172 377315520 883463808 475010016 591899892 519361020 883673260 188837520 297493240 21410304 962509732 762074560 342750208 
30
988296272 790742100 127918750 761918432 602246750 171326960 670996800 28765744 298564422 875514840 893438500 31161520 962913280 844796960 679010560 410765136 189661175 373503808 414001856 696118400 234104000 460857600 74627212 808164860 187904452 273694810 896387350 427596105 675263448 296786496 
30
246515360 681741500 313692506 765693400 978894587 527894720 896339390 737808730 147187200 252019200 113707408 246740852 289794464 191333936 983823550 324700500 735675600 42172028 208251128 370470100 69320420 668378600 559423776 131296000 710866090 659097900 483836688 327437160 307343804 873352000 
30
331692640 397304960 563279392 582537187 333391452 988602096 897539106 521798080 759017773 543488330 242732800 767487420 614202680 825609880 439680768 563107936 616040230 940972608 185257656 48407968 349965024 161993620 532935816 340556020 397319484 557511056 637476344 213949172 547868646 554708156 
30
700174592 994891300 467289990 614356750 856702512 960862880 979480796 78608435 108969300 512580978 741643320 700821252 410607360 791510944 209889196 490939136 905223680 784052320 732414240 295415900 831080544 244606060 500620178 233103640 738512240 647111000 955421500 344375240 848476352 38638052 
30
25202936 215142400 846301690 936135266 884133100 513663444 415427944 183544800 829566180 983275624 640470876 859483964 454131475 343566000 542334400 962880000 480432640 151444960 462124000 510986992 898334464 48747875 966318774 720282880 122861900 40956256 938013056 598037056 888890718 759014400 
30
908162320 369014005 451518848 193799600 406132008 260294710 980002500 841466800 586216960 752020000 549422400 34516803 681996750 70219940 861144000 597576224 249295872 189543750 638411584 286608078 221815730 469745440 986177384 419346204 314171690 772576864 261554040 903049500 914141800 835130176 
30
769643840 268900000 656220995 283444544 948943360 959731111 318148760 578484480 745984852 241881600 989607850 446408680 816520984 638505650 853486400 88730515 332235888 50606840 105848664 354640000 286234240 182682400 90077900 693662208 696277440 223552080 655635200 588681216 258618432 61340000 
30
46068800 480444524 576214400 623634965 274667000 584773120 472409280 753526592 284623040 432495919 585777200 527413874 993535986 873007680 47770436 222810478 322839168 677042804 749325440 276106288 122236494 447474570 487858555 540187000 699988860 164392960 920632320 910759795 193953296 966127812 
30
828642800 748146500 882953600 439980800 857645044 987000480 789203846 625193400 413042656 493182670 495864320 98251520 477155025 506486500 198659000 870360600 419398664 964769524 983400151 627471000 736353280 970782590 175520 243167590 835311912 137375000 651174400 898002080 238874071 944575600 
30
201417900 840207392 495165250 577669360 445645120 192103424 567612380 753420000 478930208 230418336 122706496 478224920 108280880 829012416 633127690 919486912 885281600 934237360 316805256 5499904 493275899 5973960 258332205 651467360 901438560 580309816 829793800 766411240 516450232 888569200 
30
927426800 191072960 417511232 874358840 250720280 928634250 480766400 952968120 740892880 904712900 502897264 56079586 988804608 410725000 996865860 176918480 122669120 80890564 340012800 730957200 503849046 661394116 756704128 810430784 460513848 340302720 525084200 780155288 292211000 256323840 
30
634511720 834738000 266441342 40772000 52196500 492131010 588780192 380355716 341335040 698405060 239374000 314259200 962991200 521424700 905025200 143322702 90040000 796360992 683923395 89821396 559695360 438945456 598831196 26741536 290897984 909068092 634758480 274267725 336959700 550064000 
30
802100660 157904000 155505344 460936000 602841140 710425776 208766176 120252000 800177480 96029675 468291245 19615398 11285128 378504704 946031457 425587782 221640400 852319600 501561880 516571224 901328091 844205674 547127606 580795592 164224480 618019736 352719500 649787520 651772800 884942000 
30
586244200 460830208 868617952 677593708 157852800 686972720 566393909 413484800 52405396 800984180 642335840 654817592 675210050 898615730 785531000 728553172 550871576 226107664 296334736 805707800 895627660 47729664 252157396 624573340 160730424 274011712 775309872 435443420 437998272 152934176 
30
541897568 385195000 586846144 642356628 316540720 213500968 699538240 863722100 917550944 233455740 325191360 562618836 94005504 53795328 213489685 213712114 265931104 185870840 847284000 451897400 706982880 894874114 961869180 342404728 164579800 219775919 515476408 59184848 356649000 955204830 
30
466173216 398725548 999677800 655005204 127801420 906311990 603583400 226040000 697358000 993610524 65500160 570868736 144100480 153341960 993577000 33700200 433177616 649287168 614345104 756457632 412436220 964836930 312671040 937194318 16651000 90391520 580880920 818753064 817664500 307164250 
30
222994643 251833990 897614826 624048320 147526400 777787392 924310123 866222680 830641704 832729088 103669305 593579584 709023632 663334635 431545432 601427620 274141683 806471176 110768200 607567854 499216000 334205552 919666800 716746904 896598008 338898750 137418688 236460330 5445120 543254480 
30
1088280 800070000 201178000 28501440 713633115 316912146 287912640 252294340 263009436 915186176 970170540 896064512 126926496 32807352 617519792 657836544 946967100 578927000 970368300 138386278 820449600 301501560 314456695 323119875 709352720 384659240 761649760 831967200 87696280 628149390 
29
872550200 816218855 379196480 805719136 871573616 69243776 285568408 975660080 652247400 740923318 123444320 425450250 815448224 678575088 72136920 190948304 16867096 771722200 944575366 927454850 825678016 151367200 948820000 297129800 215236792 136556150 904486880 325502728 70331280 
30
953039590 308231040 226661376 159536768 739190340 895966990 309835625 118170736 524572020 528251416 901584232 860815840 16004200 965323750 746621504 493975296 778197600 196657920 355731100 614017700 988682536 648976300 783621592 985024000 519409024 858688448 633770672 368710656 51113144 9554040 
30
23941600 380364320 257495160 226104960 899824898 896134528 330972080 237134165 658326688 164087500 941457690 652749593 793742100 844211200 850995040 393038800 403685935 333299200 287425760 207914610 744052215 920491840 452010840 377498140 478969200 818441820 541097600 23025440 503829936 260361520 
30
430122521 662558696 930658176 178361272 206514550 233001984 456827028 467641600 528627500 778566000 409097748 697241008 408489900 277387730 920807360 704925568 507969328 749387520 403902312 322039000 453125880 982446080 610257105 592758752 926193088 961832980 30151175 34844800 661152904 524922480 
30
403546640 341585808 999326735 641769968 737906992 769689440 492027972 772427264 74514000 812940938 19373696 145802600 21226105 793877995 878934624 686558592 752135240 330379392 217641760 797232288 890482520 568675000 506590240 997177440 698000480 18223488 7964784 42232718 784626688 324765000 
30
28486600 387526400 177976960 484337840 628584000 672788224 13529600 340262448 446313860 714918680 505280000 827475440 119939300 972901312 9023360 557809550 837536120 523759140 232463360 391868480 774643232 953732616 861537408 262573500 185276160 38023192 145019320 413364000 199186560 233665986 
30
569987512 199242400 850550940 179142552 828803120 660250368 923833880 492034600 236127544 793985912 89980528 120858856 632586160 305049080 434753152 226668000 108883000 935762280 928063616 112488500 585078080 858754074 10672432 85755760 425562432 15012800 582886600 311891520 224927792 964232800 
30
135905265 219264314 979287472 596949504 117005360 387085376 491826800 533885080 203923472 54819840 7404620 352825000 759056592 323904368 106325760 574076360 619474700 826445600 189063360 51231000 665468800 950300800 604866560 14780752 200708820 22112640 90586688 21621264 952017900 909143200 
30
230478596 628711080 378515040 101068354 325104200 833694070 217898240 356090430 311721600 230060160 244356201 537031680 316413040 857932576 867927840 22711300 533777600 291642304 142486424 654581482 893674500 219955752 684901045 214866160 876597500 560912896 506419136 487525640 425597440 474522000 
30
475308800 243759040 416557578 460863295 707505480 425920320 912058040 329756704 596735600 352102980 332571200 34334000 647568800 996159000 489314232 369300480 404806686 302268980 122979608 849024000 750519250 903299380 696617760 474376580 219674400 460797770 550395280 783619904 487634926 151516240 
30
542681540 154222352 938311057 743265088 801831950 623979000 59755520 569141360 3127771 48839872 670736600 549820160 405169512 894429440 155264768 546989824 851230720 703079030 729169700 649968160 794284800 875154920 228874675 260562900 30578400 647909760 334908800 101652196 740795568 40604160 
30
679189960 191833180 731776192 714083630 719674880 515700380 503063584 261130630 395054446 281874960 97258040 322591675 267098416 716445310 344252400 680659125 176279000 672282240 335299625 209880472 825605808 198486480 426794432 776335996 738741736 170673980 367441448 27467880 82128000 451746560 
