1 1 5
1 1 6
1 1 7
1 1 8
1 1 9
1 1 10
1 1 11
1 1 12
1 2 5
1 2 6
1 2 7
1 2 8
1 2 9
1 2 10
1 2 11
1 2 12
1 3 5
1 3 6
1 3 7
1 3 8
1 3 9
1 3 10
1 3 11
1 3 12
1 4 5
1 4 6
1 4 7
1 4 8
1 4 9
1 4 10
1 4 11
1 4 12
2 1 2
2 1 3
2 1 4
2 2 3
2 2 4
2 3 4
1 5 9
1 5 10
1 5 11
1 5 12
1 6 9
1 6 10
1 6 11
1 6 12
1 7 9
1 7 10
1 7 11
1 7 12
1 8 9
1 8 10
1 8 11
1 8 12
2 5 6
2 5 7
2 5 8
2 6 7
2 6 8
2 7 8
2 9 10
2 9 11
2 9 12
2 10 11
2 10 12
2 11 12
1
5
6
7
8
9
10
11
12
2
3
4
5
6
7
8
9
10
11
12
1
3
4
5
6
7
8
9
10
11
12
1
2
4
5
6
7
8
9
10
11
12
1
2
3
1
2
3
4
9
10
11
12
5
6
8
1
2
3
4
9
10
11
12
6
7
8
1
2
3
4
9
10
11
12
5
6
7
1
2
3
4
9
10
11
12
5
7
8
1
2
3
4
5
6
7
8
10
11
12
1
2
3
4
5
6
7
8
9
11
12
1
2
3
4
5
6
7
8
9
10
11
1
2
3
4
5
6
7
8
9
10
12
2
5
6
7
8
9
10
11
12
1
3
4
5
6
7
8
9
10
11
12
2
3
4
1
2
3
4
9
10
11
12
6
7
8
1
2
3
4
9
10
11
12
5
6
8
5
6
7
8
9
10
11
12
1
2
4
5
6
7
8
9
10
11
12
1
2
3
1
2
3
4
9
10
11
12
5
7
8
1
2
3
4
9
10
11
12
5
6
7
1
2
3
4
5
6
7
8
10
11
12
1
2
3
4
5
6
7
8
9
11
12
1
2
3
4
5
6
7
8
9
10
11
1
2
3
4
5
6
7
8
9
10
12
3
5
6
7
8
9
10
11
12
1
2
4
5
6
7
8
9
10
11
12
2
3
4
1
2
3
4
9
10
11
12
5
6
8
1
2
3
4
9
10
11
12
5
6
7
1
2
3
4
9
10
11
12
6
7
8
1
2
3
4
9
10
11
12
5
7
8
5
6
7
8
9
10
11
12
1
3
4
5
6
7
8
9
10
11
12
1
2
3
1
2
3
4
5
6
7
8
10
11
12
1
2
3
4
5
6
7
8
9
10
11
1
2
3
4
5
6
7
8
9
11
12
1
2
3
4
5
6
7
8
9
10
12
4
5
6
7
8
9
10
11
12
1
2
3
5
6
7
8
9
10
11
12
2
3
4
1
2
3
4
9
10
11
12
5
6
8
1
2
3
4
9
10
11
12
5
6
7
1
2
3
4
9
10
11
12
6
7
8
1
2
3
4
9
10
11
12
5
7
8
5
6
7
8
9
10
11
12
1
3
4
5
6
7
8
9
10
11
12
1
2
4
1
2
3
4
5
6
7
8
10
11
12
1
2
3
4
5
6
7
8
9
10
11
1
2
3
4
5
6
7
8
9
11
12
1
2
3
4
5
6
7
8
9
10
12
70.7