Yes
0 999853152 56358 999796794
0 999362360 334098 999028262
0 998942369 633111 998309258
0 998122701 312225 997810476
0 997443458 1057734 996385724
0 996230304 1030740 995199564
0 995051589 63246 994988343
0 993497318 595320 992901998
0 992710500 71877 992638623
0 991934614 20413 991914201
0 991220504 498316 990722188
0 990516755 213967 990302788
0 989988808 456045 989532763
0 989107359 12054 989095305
0 988794269 29320 988764949
0 988462047 423235 988038812
0 987984067 673111 987310956
0 987274737 305760 986968977
0 986593414 153336 986440078
0 986394202 141744 986252458
0 986092638 224950 985867688
0 985864343 246561 985617782
0 985538731 96634 985442097
0 985019971 404084 984615887
0 984052643 197945 983854698
0 983599626 229903 983369723
0 983180932 631151 982549781
0 982012824 579098 981433726
0 981274621 212784 981061837
0 981012967 117796 980895171
0 980632562 747526 979885036
0 979304595 394294 978910301
0 978247417 323635 977923782
0 977862732 53154 977809578
0 977522013 34905 977487108
0 977479733 164586 977315147
0 976883810 307057 976576753
0 975872799 24044 975848755
0 975180264 382055 974798209
0 974770866 80542 974690324
0 974104474 979721 973124753
0 972858870 170070 972688800
0 972386087 119351 972266736
0 972005155 187527 971817628
0 971538520 253956 971284564
0 970836106 97381 970738725
0 970386774 212036 970174738
0 969344310 357774 968986536
0 968668376 800048 967868328
0 967789571 123756 967665815
0 967586361 53881 967532480
0 967377595 602552 966775043
0 966329580 163624 966165956
0 965437684 31344 965406340
0 965401704 109015 965292689
0 965057510 466214 964591296
0 964114952 205545 963909407
0 963005039 219723 962785316
0 962612861 190022 962422839
0 962332592 160620 962171972
0 962120638 102677 962017961
0 961793911 296554 961497357
0 961235992 149687 961086305
0 960971856 1380626 959591230
0 959312528 225778 959086750
0 958860553 126579 958733974
0 958303568 161662 958141906
0 958044148 803363 957240785
0 957086422 314688 956771734
0 956485887 450015 956035872
0 955539746 372033 955167713
0 954942154 597039 954345115
0 954078122 13256 954064866
0 953144733 562499 952582234
0 952396380 674500 951721880
0 951689202 129577 951559625
0 951394887 807493 950587394
0 950294725 87886 950206839
0 950105289 970750 949134539
0 949055961 215919 948840042
0 948658174 1267429 947390745
0 947116580 1527948 945588632
0 945451970 580489 944871481
0 944732748 292088 944440660
0 944095755 333973 943761782
0 943654115 209062 943445053
0 943154773 111647 943043126
0 942607184 597981 942009203
0 941903265 933875 940969390
0 940900223 148078 940752145
0 939967599 467264 939500335
0 939066189 320320 938745869
0 938449844 59019 938390825
0 937777692 207074 937570618
0 937188453 721771 936466682
0 936254466 747182 935507284
0 934973406 1276946 933696460
0 933195225 62405 933132820
0 932754955 162722 932592233
0 932546339 524297 932022042
0 931930555 4857 931925698
0 931756932 787125 930969807
0 928772020 140458 928631562
0 928546301 233009 928313292
0 927287440 590448 926696992
0 926560888 181061 926379827
0 926324914 248130 926076784
0 925100060 157030 924943030
0 924698567 3021 924695546
0 924479070 636651 923842419
0 923389961 95215 923294746
0 922557469 24807 922532662
0 922004078 18439 921985639
0 921567180 523588 921043592
0 920631903 26181 920605722
0 919414862 769557 918645305
0 918638391 622553 918015838
0 918011017 157786 917853231
0 917556786 29498 917527288
0 917097522 1044030 916053492
0 915767388 38043 915729345
0 915630233 337968 915292265
0 913713528 84740 913628788
0 912709404 532050 912177354
0 912002606 53149 911949457
0 911778280 133125 911645155
0 911088405 7816 911080589
0 910788900 191733 910597167
0 910474293 981953 909492340
0 909472749 383002 909089747
0 909018592 332915 908685677
0 908233029 968777 907264252
0 906744511 64655 906679856
0 906386597 238430 906148167
0 906102537 914329 905188208
0 904605819 433097 904172722
0 903960998 351228 903609770
0 903269233 704640 902564593
0 901746560 216240 901530320
0 901508042 17393 901490649
0 900775534 475237 900300297
0 900195457 181007 900014450
0 899941675 336764 899604911
0 899431398 457688 898973710
0 898174765 192253 897982512
0 897773134 507567 897265567
0 897029747 238343 896791404
0 896708904 823664 895885240
0 895347281 26034 895321247
0 894462307 1485729 892976578
0 892531412 45135 892486277
0 891125175 259556 890865619
0 890778199 637988 890140211
0 889504200 350885 889153315
0 889057680 164842 888892838
0 888139656 180466 887959190
0 887590966 32800 887558166
0 887528719 482684 887046035
0 886855292 303400 886551892
0 886446994 150605 886296389
0 886288584 229501 886059083
0 885467225 772501 884694724
0 884256970 71682 884185288
0 883974052 100466 883873586
0 883620708 130362 883490346
0 882970279 322126 882648153
0 881056011 151548 880904463
0 880631447 581700 880049747
0 880039282 475105 879564177
0 879454250 206334 879247916
0 878767654 67404 878700250
0 878520565 90017 878430548
0 878260996 1672958 876588038
0 876219642 476762 875742880
0 875377777 896076 874481701
0 874431105 1050 874430055
0 874347919 294492 874053427
0 873981858 205061 873776797
0 873500206 157151 873343055
0 873035812 468209 872567603
0 872082063 197426 871884637
0 870714626 302241 870412385
0 870149797 661460 869488337
0 868665585 1449065 867216520
0 867032254 86943 866945311
0 866655922 399368 866256554
0 866066672 1157903 864908769
0 864811909 410606 864401303
0 864066152 1053148 863013004
0 862495387 160457 862334930
0 862028316 98720 861929596
0 861590373 36109 861554264
0 861353532 414805 860938727
0 860352284 38378 860313906
0 859960644 531619 859429025
0 859241884 28067 859213817
0 859007827 553467 858454360
0 857555327 76515 857478812
0 856452997 7939 856445058
0 856198949 538469 855660480
0 855564787 470908 855093879
0 854351523 253159 854098364
0 853816093 404776 853411317
0 852647168 152435 852494733
0 852389717 387906 852001811
0 851003641 151776 850851865
0 850836319 31689 850804630
0 850667326 221664 850445662
0 850419898 309933 850109965
0 849436255 151482 849284773
0 849213149 378554 848834595
0 848473398 163990 848309408
0 848286589 261822 848024767
0 847983087 67621 847915466
0 847709807 38305 847671502
0 847658902 849596 846809306
0 846777899 432563 846345336
0 845760686 251159 845509527
0 845271188 172213 845098975
0 845086896 531719 844555177
0 844373268 83544 844289724
0 843640368 716880 842923488
0 842921983 54034 842867949
0 842817689 599029 842218660
0 842213060 146875 842066185
0 841747425 424693 841322732
0 840774155 544316 840229839
0 838804134 173369 838630765
0 838217469 187923 838029546
0 837957955 840132 837117823
0 835751835 382289 835369546
0 834914726 149225 834765501
0 834508609 210536 834298073
0 834072669 610374 833462295
0 833188703 328047 832860656
0 832859367 4314 832855053
0 832566011 266751 832299260
0 831618894 332254 831286640
0 831252759 144503 831108256
0 831068336 1077681 829990655
0 829375048 106974 829268074
0 828964893 193358 828771535
0 828506135 231615 828274520
0 827573184 273369 827299815
0 827176057 642500 826533557
0 826479295 327803 826151492
0 825781948 621020 825160928
0 824789618 151537 824638081
0 824296100 21358 824274742
0 823934145 489566 823444579
0 822942540 853029 822089511
0 821932709 34677 821898032
0 821789755 253943 821535812
0 821503752 781440 820722312
0 820480909 1235931 819244978
0 819158887 224029 818934858
0 818192929 36956 818155973
0 818089657 198853 817890804
0 817591107 159608 817431499
0 817000883 1213038 815787845
0 815736882 108708 815628174
0 815325179 18110 815307069
0 814862969 379631 814483338
0 814440027 400913 814039114
0 813871781 449192 813422589
0 812888328 425839 812462489
0 812436376 265966 812170410
0 811735591 108284 811627307
0 811286077 349479 810936598
0 809886198 605360 809280838
0 809148223 43088 809105135
0 808987935 197404 808790531
0 808304299 657539 807646760
0 807552504 874719 806677785
0 806628543 187441 806441102
0 806240990 881514 805359476
0 805345053 12874 805332179
0 805029208 373809 804655399
0 804422941 155002 804267939
0 803698748 91424 803607324
0 803298974 326183 802972791
0 802789282 343737 802445545
0 802443308 201617 802241691
0 801952671 981556 800971115
0 800708969 347399 800361570
0 799727230 853576 798873654
0 798488804 67914 798420890
0 798417942 7308 798410634
0 798393709 46463 798347246
0 798338301 87048 798251253
0 797714918 178991 797535927
0 797125692 172274 796953418
0 796706355 5519 796700836
0 796111120 253222 795857898
0 795714804 260219 795454585
0 794996995 631884 794365111
0 794294730 439945 793854785
0 793838428 148022 793690406
0 793488523 205090 793283433
0 793216596 832318 792384278
0 792382402 200796 792181606
0 792044458 387930 791656528
0 791590606 125741 791464865
0 790697348 281979 790415369
0 789998807 848764 789150043
0 789043503 85844 788957659
0 788793082 193965 788599117
0 788582093 398072 788184021
0 787488116 57173 787430943
0 786580391 202969 786377422
0 785681848 589978 785091870
0 785015514 308731 784706783
0 784458863 583812 783875051
0 783073544 67234 783006310
0 782269082 312994 781956088
0 781462503 216257 781246246
0 780870226 223526 780646700
0 780630243 103537 780526706
0 780156996 227243 779929753
0 779800684 265296 779535388
0 779513633 421830 779091803
0 778754473 1277992 777476481
0 777467642 23267 777444375
0 777390266 695974 776694292
0 776568423 41078 776527345
0 776493196 155750 776337446
0 776314725 115031 776199694
0 775867612 106278 775761334
0 775415380 255323 775160057
0 774526391 111713 774414678
0 774353215 405430 773947785
0 773851243 75250 773775993
0 772992916 165881 772827035
0 772292324 122057 772170267
0 771508313 627760 770880553
0 770748927 335142 770413785
0 770206483 394216 769812267
0 769713692 535541 769178151
0 769156506 279783 768876723
0 768733672 282409 768451263
0 768087014 26085 768060929
0 767797771 7007 767790764
0 766919060 241670 766677390
0 766556434 194465 766361969
0 766281368 384044 765897324
0 765861012 705503 765155509
0 764859985 112492 764747493
0 764617823 71012 764546811
0 764337155 615304 763721851
0 763631576 416658 763214918
0 762670609 480517 762190092
0 761799426 301291 761498135
0 761180832 217367 760963465
0 760762393 78953 760683440
0 760662708 317459 760345249
0 760126346 95924 760030422
0 759596861 1027642 758569219
0 758506041 1552957 756953084
0 756932533 305568 756626965
0 755871759 85054 755786705
0 755504603 232387 755272216
0 754817100 759118 754057982
0 753594135 53405 753540730
0 753318928 48833 753270095
0 753018859 88807 752930052
0 752755995 593763 752162232
0 751608419 584521 751023898
0 750645974 167702 750478272
0 749725362 599424 749125938
0 748828696 23833 748804863
0 748620174 117090 748503084
0 748424512 218745 748205767
0 747755481 588558 747166923
0 746926111 752701 746173410
0 745920234 80721 745839513
0 744961864 32620 744929244
0 744657775 1112184 743545591
0 743330465 98204 743232261
0 743231503 184519 743046984
0 742484107 105679 742378428
0 742123697 32819 742090878
0 741223828 411033 740812795
0 740647362 169749 740477613
0 739808604 703446 739105158
0 738954036 401681 738552355
0 738537337 272229 738265108
0 738062709 207692 737855017
0 737591367 208610 737382757
0 736176899 184055 735992844
0 735907083 387650 735519433
0 735481367 522 735480845
0 734819918 68859 734751059
0 734276918 157076 734119842
0 733826883 172 733826711
0 733762635 201808 733560827
0 733362611 181372 733181239
0 732770713 711053 732059660
0 731955665 379556 731576109
0 731517951 733741 730784210
0 730645073 1112430 729532643
0 729487570 494443 728993127
0 728842873 707296 728135577
0 728004409 254517 727749892
0 727632246 489142 727143104
0 726445115 147537 726297578
0 726033719 190022 725843697
0 725791944 147743 725644201
0 725040248 44261 724995987
0 724578714 470773 724107941
0 724031744 54192 723977552
0 723880334 43698 723836636
0 723414590 1163881 722250709
0 722226175 197316 722028859
0 720989304 663737 720325567
0 720319230 21477 720297753
0 720227832 778467 719449365
0 718986105 98644 718887461
0 718402736 222075 718180661
0 718170411 570656 717599755
0 717417710 703677 716714033
0 716607323 3481 716603842
0 716240183 147986 716092197
0 714658129 53584 714604545
0 714112888 591505 713521383
0 713373805 54807 713318998
0 713269809 491388 712778421
0 712418446 662429 711756017
0 711727489 1334682 710392807
0 710222742 1194373 709028369
0 708692191 375356 708316835
0 707995492 120519 707874973
0 706995549 518849 706476700
0 706001136 160364 705840772
0 705524740 325313 705199427
0 705013672 116535 704897137
0 704746039 53494 704692545
0 704203095 320513 703882582
0 703405452 137435 703268017
0 702842412 15868 702826544
0 702655284 931744 701723540
0 701146173 317648 700828525
0 700692336 431001 700261335
0 699842014 522425 699319589
0 698892363 1098711 697793652
0 697693258 77883 697615375
0 697452915 272032 697180883
0 697085950 215387 696870563
0 696253592 60730 696192862
0 696036086 176925 695859161
0 695756720 632322 695124398
0 693908176 179288 693728888
0 693199957 887083 692312874
0 692203113 355789 691847324
0 691128443 955547 690172896
0 689812313 20123 689792190
0 689783439 185511 689597928
0 689493696 359479 689134217
0 689063125 177323 688885802
0 688627869 86485 688541384
0 688093248 257285 687835963
0 687516983 66203 687450780
0 687400054 80487 687319567
0 687261240 206122 687055118
0 686978880 257976 686720904
0 686686995 259588 686427407
0 686390324 202002 686188322
0 685304342 96482 685207860
0 684109949 868013 683241936
0 682961773 429971 682531802
0 682277982 174756 682103226
0 681764436 117447 681646989
0 680932250 238577 680693673
0 678984774 268639 678716135
0 678157730 15506 678142224
0 677367408 573436 676793972
0 675654156 624168 675029988
0 674069677 306345 673763332
0 673683359 106813 673576546
0 672919713 39705 672880008
0 672686764 123842 672562922
0 672075499 25665 672049834
0 671924594 48599 671875995
0 671778146 303899 671474247
0 671425652 418620 671007032
0 670621969 211123 670410846
0 669909428 153838 669755590
0 669710369 205616 669504753
0 668878883 979089 667899794
0 667675671 12011 667663660
0 667582828 659640 666923188
0 666240736 193304 666047432
0 666032184 320026 665712158
0 665543492 4145 665539347
0 665446741 404111 665042630
0 664997574 53257 664944317
0 664921138 18796 664902342
0 664630099 363399 664266700
0 663854642 16640 663838002
0 663737443 401122 663336321
0 662827127 94651 662732476
0 662410547 1010452 661400095
0 661361260 727583 660633677
0 660630234 217616 660412618
0 659790521 229747 659560774
0 658369100 163905 658205195
0 657271706 887763 656383943
0 655883847 121033 655762814
0 655082980 42026 655040954
0 654674598 96159 654578439
0 654476293 661163 653815130
0 653661130 36359 653624771
0 653612107 246788 653365319
0 653209613 185758 653023855
0 652040481 165571 651874910
0 651796701 309466 651487235
0 651468375 73926 651394449
0 651247011 99974 651147037
0 651078152 522327 650555825
0 650462182 613254 649848928
0 649493779 439222 649054557
0 648712530 46818 648665712
0 648292351 441862 647850489
0 647694775 31151 647663624
0 647176401 187513 646988888
0 646743860 338 646743522
0 645783763 111437 645672326
0 645212924 491988 644720936
0 644149343 488272 643661071
0 643302730 15002 643287728
0 643169984 379559 642790425
0 642641347 225272 642416075
0 642171284 129756 642041528
0 641903526 77306 641826220
0 641264506 363292 640901214
0 640867574 159946 640707628
0 640607539 427394 640180145
0 639889199 146457 639742742
0 639510863 378610 639132253
0 638331396 52596 638278800
0 638234237 380135 637854102
0 637568080 663450 636904630
0 636847455 94742 636752713
0 636635787 8933 636626854
0 636445607 714343 635731264
0 635586173 200784 635385389
0 635298791 313053 634985738
0 634798493 346454 634452039
0 633294060 6976 633287084
0 633188821 168894 633019927
0 632880648 272350 632608298
0 632564386 161250 632403136
0 632302408 560848 631741560
0 631720795 637770 631083025
0 630696312 45866 630650446
0 630493417 196688 630296729
0 629430220 154552 629275668
0 628568782 205725 628363057
0 628148393 681699 627466694
0 627395799 221854 627173945
0 626968080 376427 626591653
0 626520739 587973 625932766
0 623668296 69334 623598962
0 622916073 615840 622300233
0 621979200 87497 621891703
0 621877390 1391849 620485541
0 620385158 652348 619732810
0 619658959 69179 619589780
0 618961218 319029 618642189
0 618313055 130959 618182096
0 618050546 938153 617112393
0 616787707 86497 616701210
0 616316859 64318 616252541
0 616245469 48679 616196790
0 615882870 437655 615445215
0 615086797 47042 615039755
0 614978085 220133 614757952
0 614276143 36152 614239991
0 613917298 989158 612928140
0 612710476 703538 612006938
0 611363655 915199 610448456
0 610044706 595646 609449060
0 609379176 280494 609098682
0 608732296 100893 608631403
0 608560196 70191 608490005
0 608429829 122945 608306884
0 607385641 1088780 606296861
0 606268265 131459 606136806
0 605815258 82125 605733133
0 605465545 50220 605415325
0 605355531 192735 605162796
0 604312095 303579 604008516
0 603933690 197162 603736528
0 603620610 153975 603466635
0 603436295 70758 603365537
0 603348286 28377 603319909
0 603222896 340743 602882153
0 602086823 12107 602074716
0 601947451 603485 601343966
0 601339869 214649 601125220
0 600859739 80205 600779534
0 600299960 463952 599836008
0 599343408 45657 599297751
0 599078891 689067 598389824
0 598019927 42883 597977044
0 597455894 14709 597441185
0 597362581 286222 597076359
0 596520861 29933 596490928
0 596473119 530449 595942670
0 594694314 467480 594226834
0 593492924 1014023 592478901
0 591719908 359828 591360080
0 590871004 93936 590777068
0 590487964 262037 590225927
0 589776586 243326 589533260
0 589483033 212823 589270210
0 589163761 451977 588711784
0 588519739 806243 587713496
0 587618496 201821 587416675
0 586879649 515517 586364132
0 585975860 795303 585180557
0 585067245 659530 584407715
0 584116977 429107 583687870
0 582985467 171659 582813808
0 582634086 443269 582190817
0 582074536 692190 581382346
0 580841283 241155 580600128
0 580039196 196079 579843117
0 579781295 540358 579240937
0 578957435 12636 578944799
0 578043049 676536 577366513
0 577011746 81074 576930672
0 576673692 146308 576527384
0 575241097 2926 575238171
0 575046253 152780 574893473
0 574892869 518254 574374615
0 573488677 161430 573327247
0 573188165 433433 572754732
0 572457246 700926 571756320
0 571484542 7427 571477115
0 569910934 794811 569116123
0 569057725 67212 568990513
0 568986888 161270 568825618
0 568623056 44385 568578671
0 568352531 74807 568277724
0 567955659 950715 567004944
0 566956090 481060 566475030
0 566184532 4592 566179940
0 565138162 1727879 563410283
0 563334699 982750 562351949
0 561969759 35463 561934296
0 561813418 26274 561787144
0 561179052 1331751 559847301
0 559762376 260329 559502047
0 559393486 843151 558550335
0 557838451 319295 557519156
0 557122427 1382998 555739429
0 555285410 335004 554950406
0 554663281 18760 554644521
0 553965780 147694 553818086
0 553453113 82679 553370434
0 553152950 306855 552846095
0 552560149 115228 552444921
0 552444391 1529012 550915379
0 550525582 413374 550112208
0 550007819 204529 549803290
0 549697459 328275 549369184
0 548614393 97358 548517035
0 548135198 47168 548088030
0 547579301 367513 547211788
0 546855565 322508 546533057
0 546264750 272858 545991892
0 545808888 28732 545780156
0 545650483 175957 545474526
0 545468488 45633 545422855
0 545410573 1330902 544079671
0 544048298 37891 544010407
0 543883326 118732 543764594
0 543351687 227294 543124393
0 543006011 357378 542648633
0 542503012 211370 542291642
0 542196600 418923 541777677
0 541498438 357411 541141027
0 541132920 262348 540870572
0 540850685 124756 540725929
0 540257181 49123 540208058
0 539415529 450403 538965126
0 538854676 145527 538709149
0 538622068 256913 538365155
0 537987793 603275 537384518
0 537308503 45262 537263241
0 537044831 701325 536343506
0 536237042 201740 536035302
0 535969250 655391 535313859
0 534632541 6702 534625839
0 533870157 20536 533849621
0 533666814 29483 533637331
0 533330120 204831 533125289
0 532692149 1159044 531533105
0 531432468 284695 531147773
0 530259313 59380 530199933
0 529945001 596188 529348813
0 528566391 2645 528563746
0 528391613 276491 528115122
0 528031141 822877 527208264
0 527031434 93958 526937476
0 526931364 31313 526900051
0 526873374 68002 526805372
0 526057872 145953 525911919
0 525481321 376993 525104328
0 525070015 244618 524825397
0 523948227 180431 523767796
0 523558930 1820861 521738069
0 521287406 90195 521197211
0 521028901 100731 520928170
0 520886507 65770 520820737
0 520811583 237625 520573958
0 520242347 240330 520002017
0 519732376 172525 519559851
0 519088902 1014273 518074629
0 517889704 276927 517612777
0 517168978 20573 517148405
0 517132286 187375 516944911
0 516817451 146251 516671200
0 516366185 72013 516294172
0 516006950 460752 515546198
0 515508227 72295 515435932
0 515331939 130383 515201556
0 514311431 660147 513651284
0 513461107 180974 513280133
0 513037612 1288508 511749104
0 511489104 209991 511279113
0 510903626 589081 510314545
0 509859510 227397 509632113
0 508987806 530078 508457728
0 508439308 1462263 506977045
0 506888431 189687 506698744
0 506677322 421941 506255381
0 505982147 617617 505364530
0 505200440 151337 505049103
0 504756982 215539 504541443
0 503683308 537849 503145459
0 503126772 377460 502749312
0 502054180 437224 501616956
0 501505302 48718 501456584
0 501224775 270670 500954105
0 500418831 328897 500089934
0 499582338 894815 498687523
0 498420960 302629 498118331
0 497174817 138080 497036737
0 496730906 1056959 495673947
0 495233511 26669 495206842
0 494800324 48737 494751587
0 494523656 629264 493894392
0 493763814 8718 493755096
0 493424928 621946 492802982
0 492779357 641991 492137366
0 492047776 164961 491882815
0 491875049 192695 491682354
0 491054718 495681 490559037
0 490276285 23550 490252735
0 489916190 217847 489698343
0 489360367 325322 489035045
0 488876074 206697 488669377
0 488512382 37537 488474845
0 488132166 323158 487809008
0 487702968 10843 487692125
0 487480086 94239 487385847
0 486624440 251041 486373399
0 486032877 120854 485912023
0 485872764 404166 485468598
0 485335360 295740 485039620
0 484795845 513753 484282092
0 483567467 417498 483149969
0 482929287 369103 482560184
0 482377144 859105 481518039
0 481041482 700436 480341046
0 480003409 769927 479233482
0 479154623 688408 478466215
0 478251045 240682 478010363
0 477848108 318306 477529802
0 476321606 483292 475838314
0 475827889 471481 475356408
0 475019570 579628 474439942
0 473824962 35998 473788964
0 473691216 288922 473402294
0 473294057 879612 472414445
0 472371485 4849 472366636
0 472321909 11624 472310285
0 472289329 237280 472052049
0 471992260 32725 471959535
0 471531851 60154 471471697
0 471350059 392245 470957814
0 470780810 147121 470633689
0 470583060 521713 470061347
0 470060367 310873 469749494
0 469449972 214054 469235918
0 468291127 557191 467733936
0 467315273 341210 466974063
0 466702199 690300 466011899
0 466009846 41388 465968458
0 465846411 224703 465621708
0 465060021 294096 464765925
0 464190504 52071 464138433
0 463583586 141092 463442494
0 462953263 67917 462885346
0 462555139 427914 462127225
0 461130238 596595 460533643
0 459771855 398613 459373242
0 458959923 258472 458701451
0 458694260 763611 457930649
0 457898700 208609 457690091
0 457657748 127995 457529753
0 457177381 402184 456775197
0 456536816 74870 456461946
0 456178390 397621 455780769
0 454950743 347321 454603422
0 454553178 352651 454200527
0 453254386 1577607 451676779
0 451666967 3379 451663588
0 451472569 405050 451067519
0 450692285 303364 450388921
0 450341322 88016 450253306
0 449659766 193983 449465783
0 449441478 678894 448762584
0 448366298 383107 447983191
0 447849639 142479 447707160
0 447643425 473904 447169521
0 446958418 783980 446174438
0 445341291 73585 445267706
0 445150250 246511 444903739
0 444719538 49653 444669885
0 443680502 247982 443432520
0 443316860 588366 442728494
0 442678023 15755 442662268
0 442661654 31377 442630277
0 442423327 113597 442309730
0 442036561 86272 441950289
0 441520887 707543 440813344
0 440727418 395489 440331929
0 440275878 949103 439326775
0 438777864 74 438777790
0 438414832 299863 438114969
0 437223567 423473 436800094
0 436082968 152498 435930470
0 435668843 82500 435586343
0 435322132 263716 435058416
0 434901427 481674 434419753
0 433928938 196798 433732140
0 433214611 182894 433031717
0 432869200 182387 432686813
0 432529063 521539 432007524
0 431591349 222374 431368975
0 431121666 950885 430170781
0 430052714 86963 429965751
0 429862107 3117 429858990
0 429201406 337603 428863803
0 428847554 72893 428774661
0 428547460 1073411 427474049
0 427015910 280423 426735487
0 426449778 72969 426376809
0 425877769 454433 425423336
0 425399970 249797 425150173
0 424058457 167008 423891449
0 423786977 609072 423177905
0 423172466 499790 422672676
0 422481506 4339 422477167
0 422455543 253714 422201829
0 422105442 172773 421932669
0 420984587 34927 420949660
0 420800760 1222533 419578227
0 419423298 1296677 418126621
0 417872546 105819 417766727
0 417531043 12120 417518923
0 416744633 384689 416359944
0 415905799 476935 415428864
0 414934416 73138 414861278
0 414321961 58313 414263648
0 414160223 208185 413952038
0 413394073 245762 413148311
0 412563479 45681 412517798
0 412082617 172286 411910331
0 411885227 38785 411846442
0 411250908 687266 410563642
0 410492472 232474 410259998
0 410205527 310901 409894626
0 409833857 61838 409772019
0 409314315 60498 409253817
0 408915225 231210 408684015
0 408640684 381614 408259070
0 408207779 124571 408083208
0 408003950 64410 407939540
0 407608916 203920 407404996
0 406614184 175105 406439079
0 405898891 1201698 404697193
0 404649073 473426 404175647
0 403865101 462930 403402171
0 403364250 503192 402861058
0 402406377 217864 402188513
0 402064251 233853 401830398
0 401829831 259485 401570346
0 400768174 709758 400058416
0 399642272 297530 399344742
0 398519837 384621 398135216
0 397876850 495474 397381376
0 397163127 41916 397121211
0 397069559 550839 396518720
0 395791459 501956 395289503
0 394743935 231736 394512199
0 394446888 640886 393806002
0 393467500 137343 393330157
0 393294102 7695 393286407
0 392984595 287272 392697323
0 392244387 133695 392110692
0 389976439 164110 389812329
0 389660798 1015721 388645077
0 388127905 154107 387973798
0 387727958 38854 387689104
0 386926245 17704 386908541
0 386290989 104718 386186271
0 386176835 130705 386046130
0 385556430 184156 385372274
0 384804390 991728 383812662
0 383476002 517383 382958619
0 382758460 237055 382521405
0 382367381 1423345 380944036
0 380205898 40358 380165540
0 379852058 80953 379771105
0 379250394 317113 378933281
0 378738444 244016 378494428
0 377879368 24766 377854602
0 377011429 184218 376827211
0 376545180 254688 376290492
0 376249034 393488 375855546
0 375650271 55983 375594288
0 375156026 174962 374981064
0 374460086 196317 374263769
0 374231546 128001 374103545
0 373439306 33492 373405814
0 373140197 383972 372756225
0 372275944 178942 372097002
0 371316834 900675 370416159
0 370205740 23901 370181839
0 369503569 199592 369303977
0 369053846 152405 368901441
0 368895296 668300 368226996
0 368126311 34985 368091326
0 367107177 434625 366672552
0 366301567 61058 366240509
0 365841817 400699 365441118
0 365326104 138963 365187141
0 365114777 468300 364646477
0 364213897 174729 364039168
0 362632971 506519 362126452
0 361793902 211262 361582640
0 361159178 187427 360971751
0 360472214 312474 360159740
0 359920006 310460 359609546
0 359515604 233655 359281949
0 358670238 23687 358646551
0 358508359 748046 357760313
0 356784616 241706 356542910
0 356537276 285127 356252149
0 356008989 293585 355715404
0 353321447 54607 353266840
0 353003287 113906 352889381
0 352865320 20470 352844850
0 352123688 640950 351482738
0 350852015 451323 350400692
0 350191243 455013 349736230
0 349114307 1360031 347754276
0 347529377 633955 346895422
0 346892678 272835 346619843
0 346390382 723710 345666672
0 345181554 31752 345149802
0 344575685 218458 344357227
0 342667729 79133 342588596
0 342017127 820863 341196264
0 340963655 222916 340740739
0 340271280 833718 339437562
0 338716054 699490 338016564
0 337476580 236159 337240421
0 337168509 926437 336242072
0 336206274 440016 335766258
0 335385212 754947 334630265
0 334607415 250305 334357110
0 334282714 71144 334211570
0 333958234 429198 333529036
0 333277539 281269 332996270
0 332213851 811252 331402599
0 331264189 273653 330990536
0 330691817 2230 330689587
0 329927667 138842 329788825
0 329260009 255478 329004531
0 328920667 514045 328406622
0 326910935 152111 326758824
0 326345579 119846 326225733
0 326204892 594605 325610287
0 325450703 194122 325256581
0 325051302 390404 324660898
0 324359139 401745 323957394
0 323650632 105686 323544946
0 323529822 249253 323280569
0 323255446 638983 322616463
0 322591969 51121 322540848
0 322112380 26640 322085740
0 321948127 1478606 320469521
0 320417672 18244 320399428
0 319501484 120160 319381324
0 319193746 422020 318771726
0 318372614 2219 318370395
0 318359015 336976 318022039
0 317714075 366213 317347862
0 316635639 163911 316471728
0 316420517 410483 316010034
0 315864897 256679 315608218
0 315296042 574282 314721760
0 314492984 10160 314482824
0 313864041 465561 313398480
0 313196743 585053 312611690
0 312538178 238252 312299926
0 312042659 443066 311599593
0 311553442 159462 311393980
0 311391584 648681 310742903
0 310467848 381870 310085978
0 310031540 753433 309278107
0 308433380 291233 308142147
0 307588673 99891 307488782
0 307252257 622971 306629286
0 306255716 343778 305911938
0 305001033 381147 304619886
0 304490599 3952 304486647
0 304063971 187811 303876160
0 303321414 556122 302765292
0 302627497 288789 302338708
0 302121114 476238 301644876
0 301348487 515385 300833102
0 300641820 414173 300227647
0 298402340 406733 297995607
0 296822487 1050672 295771815
0 295537351 482916 295054435
0 294349586 15311 294334275
0 294259554 124095 294135459
0 294041425 303296 293738129
0 293716603 457476 293259127
0 293149918 364481 292785437
0 292514729 152456 292362273
0 291893194 428944 291464250
0 291377238 29957 291347281
0 290308285 390719 289917566
0 289765106 107517 289657589
0 289649856 504085 289145771
0 289081636 382711 288698925
0 287739093 76184 287662909
0 287358908 89834 287269074
0 286915749 442629 286473120
0 286149560 712695 285436865
0 285374234 1133206 284241028
0 284166164 45118 284121046
0 283597983 405550 283192433
0 282249344 55265 282194079
0 282156086 351640 281804446
0 281634237 212410 281421827
0 280688907 177697 280511210
0 280372445 130843 280241602
0 279565702 47440 279518262
0 279215112 545208 278669904
0 278636798 234203 278402595
0 278131951 641283 277490668
0 277159186 15213 277143973
0 277055621 81887 276973734
0 276905449 275824 276629625
0 276356742 832531 275524211
0 274408433 8516 274399917
0 273895228 305107 273590121
0 273343800 355396 272988404
0 271907286 111726 271795560
0 271207439 106542 271100897
0 271096758 140541 270956217
0 270553340 192964 270360376
0 270312367 241171 270071196
0 269881190 77368 269803822
0 269756711 235731 269520980
0 269470179 489785 268980394
0 268889048 371858 268517190
0 267994019 289944 267704075
0 267666091 77329 267588762
0 267266559 397355 266869204
0 266853117 192515 266660602
0 266563751 1001025 265562726
0 265402257 695419 264706838
0 264367595 409376 263958219
0 263822627 411727 263410900
0 263315780 80235 263235545
0 262480338 78875 262401463
0 261998295 128326 261869969
0 261538788 213012 261325776
0 261317637 58513 261259124
0 260789446 722713 260066733
0 259784078 685314 259098764
0 258809335 87734 258721601
0 258713479 62586 258650893
0 258476163 67607 258408556
0 257748501 311309 257437192
0 257007463 447382 256560081
0 256384960 744561 255640399
0 255360043 68464 255291579
0 254971513 256715 254714798
0 253672806 53299 253619507
0 253413962 355924 253058038
0 252739484 179605 252559879
0 252554711 233581 252321130
0 251937819 815230 251122589
0 250521481 369900 250151581
0 249805077 341938 249463139
0 248978896 138450 248840446
0 248721601 124962 248596639
0 248171506 136453 248035053
0 247953401 109601 247843800
0 247715263 473144 247242119
0 246996923 71984 246924939
0 246296579 32779 246263800
0 246014060 12913 246001147
0 245830186 97685 245732501
0 245597687 150906 245446781
0 245396968 183232 245213736
0 244679921 113731 244566190
0 244542914 513304 244029610
0 243722773 86617 243636156
0 243563714 386323 243177391
0 241098984 105031 240993953
0 240814718 287522 240527196
0 240385011 109717 240275294
0 239981808 671731 239310077
0 239271766 408194 238863572
0 238716933 300982 238415951
0 238152287 143214 238009073
0 236615486 403724 236211762
0 235597763 361279 235236484
0 235006763 108967 234897796
0 234193712 1090082 233103630
0 232714784 808505 231906279
0 231890347 165971 231724376
0 231668611 109625 231558986
0 231294898 510775 230784123
0 230768442 222311 230546131
0 229878184 297933 229580251
0 229432673 394464 229038209
0 228442929 150790 228292139
0 228174245 26732 228147513
0 227861196 257929 227603267
0 226993875 71898 226921977
0 226645648 732429 225913219
0 224924177 59968 224864209
0 224506669 1419057 223087612
0 223038914 261338 222777576
0 222204359 132051 222072308
0 221366232 505342 220860890
0 220322106 190566 220131540
0 219626498 656140 218970358
0 218639143 37695 218601448
0 218193549 28785 218164764
0 217787304 552932 217234372
0 216713319 1707 216711612
0 216151985 117636 216034349
0 214940912 482057 214458855
0 214168184 34846 214133338
0 214047528 549192 213498336
0 212602528 875240 211727288
0 210967475 147752 210819723
0 210788885 224872 210564013
0 209579450 446091 209133359
0 208750551 569169 208181382
0 207257723 298226 206959497
0 206892783 259961 206632822
0 206375227 92945 206282282
0 205953174 269758 205683416
0 205681949 245440 205436509
0 205268779 79399 205189380
0 204966265 364374 204601891
0 204249323 914943 203334380
0 203312886 433955 202878931
0 202748374 1311690 201436684
0 201398721 819841 200578880
0 200375464 94933 200280531
0 200236201 144745 200091456
0 199364876 80949 199283927
0 198842818 29357 198813461
0 198742744 191841 198550903
0 198306087 94084 198212003
0 197976061 249683 197726378
0 197286559 386307 196900252
0 196779223 158432 196620791
0 195816281 58338 195757943
0 194735948 281088 194454860
0 194386734 284348 194102386
0 194047862 100590 193947272
0 193904524 464052 193440472
0 193139744 217843 192921901
0 192691381 532549 192158832
0 191923901 722308 191201593
0 191048787 1940976 189107811
0 189066390 123523 188942867
0 188532561 219747 188312814
0 187779801 191532 187588269
0 187505535 154917 187350618
0 186688630 7087 186681543
0 186606826 30140 186576686
0 186470168 555446 185914722
0 185763509 124947 185638562
0 185324499 1203783 184120716
0 183775782 68486 183707296
0 183575435 12861 183562574
0 183498427 171859 183326568
0 183221138 138311 183082827
0 182817958 39242 182778716
0 182507255 530943 181976312
0 181741366 544235 181197131
0 181081304 223113 180858191
0 180346042 31089 180314953
0 180264927 266107 179998820
0 179823156 82855 179740301
0 179406165 948130 178458035
0 178359335 679742 177679593
0 177218312 408393 176809919
0 176612094 78406 176533688
0 175629345 267271 175362074
0 174901105 92368 174808737
0 174678309 362233 174316076
0 173986965 401522 173585443
0 172654860 74967 172579893
0 172314260 260417 172053843
0 171928979 172161 171756818
0 171657568 556333 171101235
0 170535398 280881 170254517
0 169647100 178943 169468157
0 169289500 258862 169030638
0 168780308 616620 168163688
0 167984732 52800 167931932
0 167818269 180899 167637370
0 167637214 27535 167609679
0 167068564 787064 166281500
0 166145580 770979 165374601
0 164977544 241809 164735735
0 164711245 8279 164702966
0 164680151 211767 164468384
0 164450089 38224 164411865
0 164398022 52404 164345618
0 164272521 149310 164123211
0 164011773 268324 163743449
0 163640254 724110 162916144
0 162558730 113682 162445048
0 162422711 27103 162395608
0 162004910 585466 161419444
0 161040822 583139 160457683
0 160155900 69821 160086079
0 160077791 455888 159621903
0 158238740 731605 157507135
0 157046131 375801 156670330
0 156625067 77255 156547812
0 155096998 17309 155079689
0 154924893 471418 154453475
0 154302009 87561 154214448
0 153515218 106751 153408467
0 153121406 108490 153012916
0 152971778 614444 152357334
0 152334714 593137 151741577
0 151490479 1102982 150387497
0 150327221 639301 149687920
0 149621086 200467 149420619
0 149253617 71263 149182354
0 148602213 165835 148436378
0 148357235 326040 148031195
0 147419709 174392 147245317
0 147117636 142570 146975066
0 146707775 495973 146211802
0 146063077 598298 145464779
0 144463755 491963 143971792
0 143707953 96030 143611923
0 143424989 955 143424034
0 142994097 413569 142580528
0 142199058 241390 141957668
0 141537409 87403 141450006
0 141310952 151791 141159161
0 140049820 1005362 139044458
0 138897161 245529 138651632
0 138220555 136220 138084335
0 137323109 41710 137281399
0 137139926 256659 136883267
0 136565483 492226 136073257
0 135962757 284295 135678462
0 135629865 119442 135510423
0 135348065 726302 134621763
0 134303396 655323 133648073
0 133270366 193629 133076737
0 132746600 889393 131857207
0 131850329 425898 131424431
0 131259847 251700 131008147
0 130480827 137113 130343714
0 130258141 264117 129994024
0 129906243 231581 129674662
0 128912847 862575 128050272
0 127965438 190845 127774593
0 127622375 49735 127572640
0 127561793 691166 126870627
0 126516209 376866 126139343
0 125996617 195512 125801105
0 125555174 83516 125471658
0 124746104 24831 124721273
0 124129917 434620 123695297
0 122825962 65867 122760095
0 122737144 258972 122478172
0 122388442 73167 122315275
0 122258413 232506 122025907
0 122000152 269156 121730996
0 121599319 615265 120984054
0 120038849 329387 119709462
0 119609967 121408 119488559
0 119357536 312988 119044548
0 118844134 564939 118279195
0 117959499 181081 117778418
0 117285432 741927 116543505
0 115968732 367585 115601147
0 115504433 319401 115185032
0 114814739 26506 114788233
0 114735736 12470 114723266
0 114431592 672234 113759358
0 113592377 230164 113362213
0 112077073 418750 111658323
0 111443422 1181408 110262014
0 109796406 165527 109630879
0 109304304 259404 109044900
0 109042282 255895 108786387
0 108711570 76747 108634823
0 108539660 163227 108376433
0 108369551 376508 107993043
0 107487020 42478 107444542
0 107192161 181368 107010793
0 106571106 149530 106421576
0 106279611 149877 106129734
0 105989085 136729 105852356
0 105800383 671529 105128854
0 105091163 1117045 103974118
0 103772684 433127 103339557
0 103187156 219350 102967806
0 102386624 592725 101793899
0 101769109 26847 101742262
0 101425953 509805 100916148
0 100643086 170756 100472330
0 99613695 197549 99416146
0 99315614 822717 98492897
0 98348384 159348 98189036
0 98056993 657015 97399978
0 97267056 95556 97171500
0 97088992 256469 96832523
0 96686476 205402 96481074
0 95707268 181365 95525903
0 95132834 234463 94898371
0 94793377 298241 94495136
0 94195810 222641 93973169
0 93819140 336668 93482472
0 92952492 62380 92890112
0 92671607 549709 92121898
0 91747586 113958 91633628
0 91435497 41235 91394262
0 91089821 83674 91006147
0 90992153 980996 90011157
0 89593959 218046 89375913
0 89220118 445529 88774589
0 88100621 102369 87998252
0 87912943 309765 87603178
0 87580680 31786 87548894
0 87466844 13642 87453202
0 87261172 365459 86895713
0 86657942 945214 85712728
0 85401737 57365 85344372
0 84329161 171357 84157804
0 84024904 80089 83944815
0 83280085 686714 82593371
0 82362831 574940 81787891
0 81702079 455412 81246667
0 81212702 163269 81049433
0 80562010 159690 80402320
0 80340096 632517 79707579
0 78242842 207422 78035420
0 77955061 90363 77864698
0 77814646 532577 77282069
0 77231495 274364 76957131
0 76935951 102094 76833857
0 76675718 317649 76358069
0 76075707 287335 75788372
0 75702205 154173 75548032
0 75485238 924633 74560605
0 74543553 125656 74417897
0 74152855 84309 74068546
0 73995224 273316 73721908
0 73404415 218054 73186361
0 73138529 230188 72908341
0 72877379 186786 72690593
0 71868981 174647 71694334
0 71340351 576377 70763974
0 70655992 174686 70481306
0 70317626 258498 70059128
0 70009809 253111 69756698
0 69581332 410658 69170674
0 68866965 811723 68055242
0 68014528 239004 67775524
0 67516377 8484 67507893
0 67499482 79060 67420422
0 67239926 378847 66861079
0 66479904 706786 65773118
0 65763881 109084 65654797
0 65311479 435348 64876131
0 64755968 88700 64667268
0 64504654 288999 64215655
0 64013348 71767 63941581
0 63920815 543174 63377641
0 62899647 22847 62876800
0 61669351 89541 61579810
0 61116979 267974 60849005
0 60807815 848738 59959077
0 59724269 737169 58987100
0 58647660 73168 58574492
0 58217176 282063 57935113
0 57668287 356733 57311554
0 56713754 213815 56499939
0 56083926 208138 55875788
0 55833519 175102 55658417
0 55466850 211620 55255230
0 54761744 11971 54749773
0 54627002 264431 54362571
0 53815743 449473 53366270
0 52983368 164235 52819133
0 52767920 2028794 50739126
0 50707614 129584 50578030
0 50279056 610385 49668671
0 49379232 269890 49109342
0 48683865 62631 48621234
0 47302192 19646 47282546
0 46860333 87278 46773055
0 46036720 253914 45782806
0 45431041 451907 44979134
0 44509645 211897 44297748
0 43548247 261647 43286600
0 43251842 268078 42983764
0 42980325 272078 42708247
0 42705754 139768 42565986
0 41003066 692257 40310809
0 39842541 242715 39599826
0 39281899 30777 39251122
0 39114911 278105 38836806
0 38795754 94134 38701620
0 38615830 94262 38521568
0 38301457 201079 38100378
0 37607826 391962 37215864
0 36474631 31179 36443452
0 35833647 366859 35466788
0 35185417 642512 34542905
0 33454397 725725 32728672
0 32662131 20896 32641235
0 31579700 766840 30812860
0 29480227 552991 28927236
0 28816260 252232 28564028
0 28191384 547433 27643951
0 27177418 610592 26566826
0 26279402 22904 26256498
0 25830089 474537 25355552
0 25328839 877007 24451832
0 24366206 560289 23805917
0 22904126 221601 22682525
0 21830460 337909 21492551
0 21454824 265165 21189659
0 20949870 10944 20938926
0 20790122 8993 20781129
0 20739042 175627 20563415
0 20296169 62820 20233349
0 20156478 200474 19956004
0 19813292 16300 19796992
0 19468144 399966 19068178
0 18659192 223055 18436137
0 18389598 512707 17876891
0 17311855 708677 16603178
0 16269661 326320 15943341
0 15578807 868725 14710082
0 14667712 215852 14451860
0 14382811 808776 13574035
0 13327839 235697 13092142
0 12975922 396377 12579545
0 12099888 187805 11912083
0 11422129 32388 11389741
0 10906261 456517 10449744
0 9567982 655820 8912162
0 8716896 386443 8330453
0 8081329 384856 7696473
0 7557487 386270 7171217
0 7163063 696796 6466267
0 5462495 410811 5051684
0 3906674 461070 3445604
0 3374962 228029 3146933
0 1736967 924279 812688
0 513569 214328 299241
