1050 2407 1
1 156 652 501 226 13 119 225 7 46 391 364 27 818 122 285 38 428 217 188 85 18 102 1093 431 565 103 553 508 370 484 81 1006 575 6 238 946 369 60 396 155 341 851 266 405 456 646 241 721 1093 33 513 618 216 865 163 111 914 480 153 242 572 848 172 13 306 88 439 87 902 193 215 378 617 397 238 896 878 1202 276 765 7 563 419 288 4 56 235 271 422 201 689 377 116 1067 60 25 906 19 226 1000 176 17 641 216 59 231 243 162 507 182 669 829 389 901 269 70 314 19 31 353 15 379 490 763 177 358 375 486 69 22 105 307 63 93 70 170 6 210 721 947 37 694 1108 767 850 986 578 166 199 21 90 234 714 154 117 93 780 162 380 416 466 309 362 311 1057 145 171 591 376 231 191 697 983 319 824 327 92 19 76 465 52 86 543 60 1172 858 1308 166 378 112 93 22 1065 79 240 1213 75 179 794 7 858 474 126 299 74 134 952 13 6 595 965 215 790 408 608 604 231 349 184 471 85 252 15 1188 30 333 66 582 903 76 196 791 367 196 37 744 383 197 5 518 430 315 967 55 848 259 461 206 667 428 385 424 661 202 244 507 370 352 221 360 324 524 37 496 201 6 8 21 446 396 111 613 55 1275 1095 653 48 800 481 26 257 25 781 140 122 258 731 872 28 85 104 95 334 674 3 553 647 54 211 673 80 397 652 396 107 58 14 256 428 7 627 438 224 458 580 26 686 372 1265 555 15 506 622 240 205 559 669 86 833 207 777 15 253 236 676 40 297 246 1400 1387 565 483 16 761 501 343 292 226 6 368 698 471 59 215 446 756 682 602 319 912 715 458 177 156 29 457 357 318 27 147 115 285 308 13 64 813 91 131 277 81 445 860 499 65 589 330 16 96 1012 282 1303 669 378 103 720 6 1227 536 136 98 174 137 177 9 156 608 369 246 91 553 212 169 68 691 171 428 170 219 642 821 45 262 130 51 457 368 8 401 15 13 468 1225 293 590 33 1024 16 339 134 587 68 205 328 438 184 421 37 886 358 38 289 633 632 1001 339 445 186 736 141 293 690 36 50 167 438 1047 78 115 450 647 841 163 82 597 229 1212 303 263 666 352 507 63 279 15 1128 800 550 918 1295 439 303 285 1003 173 19 232 21 44 818 1 13 753 29 417 269 111 961 186 380 169 110 986 358 558 22 135 384 30 1361 602 66 912 315 543 406 808 655 175 973 51 620 829 62 50 380 394 679 346 52 932 201 37 344 692 234 695 97 723 86 74 73 394 109 226 48 258 164 147 329 53 460 120 791 254 733 23 77 938 764 25 197 170 415 186 257 452 130 42 410 188 109 15 179 314 5 423 171 41 575 36 148 9 473 371 80 133 113 88 25 117 763 689 349 268 427 556 593 1171 28 191 82 578 269 15 200 265 74 134 359 143 1036 219 696 201 708 1213 195 461 111 53 662 422 335 175 151 191 572 517 152 1101 761 303 884 1427 401 1167 995 181 1057 294 353 194 392 506 1184 323 95 461 64 183 358 907 661 30 167 385 72 421 28 284 341 1036 136 24 136 45 390 34 629 16 64 728 278 222 152 290 133 182 274 615 226 278 421 908 251 803 419 455 274 15 199 153 100 1041 320 105 243 9 111 595 30 239 514 1395 472 785 57 33 114 15 49 743 33 78 18 551 672 274 314 665 879 472 403 1140 14 1409 97 10 15 214 495 414 202 70 502 313 49 339 39 11 738 166 537 47 145 215 702 1156 337 470 260 436 13 741 419 236 220 1020 583 528 305 314 7 423 6 265 17 722 13 520 1345 490 328 10 54 36 145 1254 221 20 850 696 150 720 258 13 723 13 183 728 232 638 620 639 494 684 232 61 326 516 334 527 134 560 269 922 147 852 789 1179 768 358 560 112 744 615 753 508 761 622 444 268 205 139 158 899 433 1003 220 30 72 634 1170 1084 144 22 453 839 458 203 4 300 741 44 287 343 14 354 172 894 362 66 428 787 15 739 2 89 40 630 381 455 13 9 31 457 460 913 82 1239 14 663 396 457 436 528 602 1087 29 347 109 9 40 682 397 846 1 25 21 837 206 421 122 210 818 844 130 317 722 262 844 371 1110 396 659 127 1250 204 205 178 98 758 201 304 105 7 518 74 30 257 753 312 150 181 282 268 63 927 149 300 156 124 222 104 338 338 344 85 315 858 25 38 614 1299 52 26 135 213 18 11 740 175 1262 753 972 62 9 829 4 542 546 756 98 545 135 105 169 199 154 140 528 13 1137 41 277 437 128 447 174 168 20 338 465 219 218 33 406 230 1476 226 160 111 12 964 1100 508 1014 777 6 226 216 832 283 878 661 433 162 649 31 228 213 149 71 51 9 45 282 10 600 126 467 901 322 722 852 752 881 704 138 191 43 39 515 360 616 640 331 396 529
16 400
942 767
882 806
1003 657
875 413
197 317
940 314
1039 341
63 719
545 871
1030 928
1015 222
57 703
585 83
86 148
325 819
300 557
801 224
332 755
723 990
36 314
517 660
2 457
623 644
704 910
421 807
958 681
606 386
328 740
633 887
995 158
967 339
918 631
710 873
247 243
142 701
439 874
525 360
685 699
401 849
355 365
553 830
457 878
890 68
454 704
528 64
758 738
15 175
904 134
421 155
941 399
353 494
517 446
702 309
691 98
80 335
575 925
1007 959
612 533
100 234
454 1017
239 906
486 962
1045 445
918 981
537 667
309 901
695 354
471 993
283 316
986 25
557 604
326 442
453 468
460 743
310 808
296 243
983 339
865 79
486 431
976 221
785 802
953 635
621 372
910 67
513 942
19 125
623 948
685 581
658 270
340 79
368 494
766 61
768 37
404 955
490 262
587 628
801 848
918 113
26 92
689 963
450 462
846 68
588 951
406 913
558 507
335 709
268 596
689 775
114 587
586 347
763 298
522 1001
391 260
103 368
15 328
986 989
741 304
558 80
464 936
915 354
285 196
602 137
180 750
497 654
450 461
174 592
930 570
861 273
87 690
848 966
90 387
460 891
782 909
514 334
162 922
713 931
284 848
813 249
508 667
163 998
702 414
233 487
1033 757
311 334
874 973
843 519
30 985
55 837
508 621
954 751
367 635
796 774
143 975
80 693
685 228
460 241
102 946
1030 934
150 854
548 551
328 632
948 540
16 351
663 60
811 665
422 350
2 93
25 350
1001 261
988 180
806 936
621 947
249 669
1001 289
48 148
987 876
986 754
1025 634
535 669
81 845
227 165
518 350
989 674
66 297
840 51
206 268
572 607
954 446
888 46
474 760
879 369
358 246
779 302
478 777
376 310
76 768
251 707
625 580
373 342
882 978
558 1007
1030 336
514 966
454 909
94 679
621 976
676 669
239 889
895 994
15 303
444 438
322 780
400 452
966 554
986 524
143 531
514 740
146 419
590 141
101 266
719 1042
1005 28
351 12
662 183
559 260
974 396
152 484
1016 420
306 25
334 960
1 202
839 964
137 995
119 178
85 690
164 825
189 275
181 390
286 266
904 505
401 749
573 853
616 167
34 1029
601 727
950 952
705 417
355 1001
190 868
457 347
220 182
161 396
309 188
975 87
333 661
910 682
94 488
21 188
661 1035
700 209
351 833
797 117
19 25
520 778
988 686
593 203
185 960
355 38
55 668
45 213
169 205
46 682
94 633
1007 588
447 763
764 470
901 464
120 178
694 720
679 606
763 482
242 635
234 456
962 144
562 411
865 590
76 1010
847 510
192 836
333 123
1 508
471 18
310 97
623 66
16 1024
874 432
277 620
163 943
465 183
666 873
485 338
274 667
759 699
775 81
700 253
918 642
742 568
46 405
374 1043
689 909
832 268
400 300
658 395
793 561
310 525
511 612
395 523
402 40
322 773
151 114
602 1045
546 810
118 831
553 1012
974 141
534 305
88 547
992 709
485 150
903 774
485 773
380 869
418 186
56 122
751 965
391 958
693 346
105 921
843 636
626 643
346 380
694 396
431 1001
920 228
984 440
117 1002
322 535
297 774
1027 464
865 175
205 88
155 697
241 105
459 886
704 609
974 756
905 555
959 879
1022 750
595 376
1001 582
553 57
679 544
595 373
537 309
557 939
1000 147
918 447
631 1030
489 688
718 755
1045 125
284 233
146 678
442 756
602 644
294 328
461 188
438 568
421 288
621 460
585 938
90 253
197 298
237 625
601 787
114 534
234 541
528 370
894 764
288 489
615 774
452 251
868 252
573 1029
283 406
28 420
188 383
28 956
578 531
769 477
474 913
2 196
847 90
947 565
19 989
190 449
66 726
624 270
898 260
918 21
852 91
259 965
693 144
328 334
311 966
320 522
655 117
726 363
320 702
849 167
780 946
989 355
467 186
73 406
344 260
963 451
320 513
432 978
736 935
623 1000
939 290
658 736
934 944
322 671
395 427
482 894
294 313
255 337
309 38
813 736
53 148
310 905
365 472
802 305
117 992
945 52
865 328
562 1044
348 178
102 116
989 461
847 210
582 354
203 656
895 911
398 431
436 834
314 131
910 405
848 225
514 862
659 246
619 568
534 1046
395 868
760 441
2 483
821 774
766 389
863 183
976 916
329 1037
278 413
326 342
269 779
770 410
270 313
293 703
977 973
917 683
621 139
769 957
918 618
581 973
398 674
488 392
457 4
870 32
32 321
1045 730
7 266
461 852
582 774
1005 734
643 581
888 597
707 816
600 703
945 930
118 189
124 14
81 436
490 842
544 629
83 148
112 708
745 208
546 929
602 284
862 134
857 258
349 645
578 1003
315 1010
690 252
337 806
415 472
581 919
768 120
571 246
151 442
544 72
562 545
862 505
414 145
1015 201
309 9
230 106
756 737
798 472
527 669
285 158
305 1047
196 512
1 315
299 832
250 443
782 759
711 184
211 1032
200 877
21 694
422 823
595 730
107 844
333 647
250 429
593 58
537 485
322 150
839 442
825 701
761 717
586 793
918 689
497 680
382 166
975 1007
537 1017
601 362
9 514
633 712
843 142
427 430
951 774
473 231
651 617
373 297
339 641
202 426
795 322
782 1017
1019 219
1 564
618 372
143 198
355 790
1038 628
932 219
962 591
401 966
477 874
47 409
948 730
684 178
511 576
472 213
703 681
140 289
590 396
602 331
729 246
421 308
799 871
508 448
674 603
910 304
911 641
803 305
333 810
593 1025
94 663
951 63
312 80
711 810
645 212
323 1033
976 979
490 161
981 757
471 735
948 524
636 168
963 942
1018 212
917 299
988 687
300 798
779 664
276 409
1019 747
647 290
101 399
1046 354
761 382
391 430
813 251
250 980
121 744
440 886
711 647
124 1008
905 129
452 249
431 9
137 938
369 884
506 648
942 1016
1032 692
897 74
356 317
986 215
306 351
672 105
286 399
991 337
124 368
700 381
905 130
909 1001
320 964
257 569
190 211
822 194
19 813
170 958
306 320
664 572
414 739
649 802
843 204
421 439
118 721
112 705
510 318
152 367
909 920
956 733
1041 56
793 132
585 135
726 301
909 85
763 456
903 63
947 843
807 917
863 50
575 834
31 755
678 589
870 286
70 691
732 148
284 615
1 619
421 474
372 112
602 277
883 219
546 163
918 450
306 376
848 632
310 941
1 418
26 744
546 647
477 1006
790 435
317 923
691 598
648 714
328 225
350 955
963 110
65 936
262 74
1045 454
173 166
317 210
854 545
807 98
628 635
839 114
1030 647
181 738
631 188
371 873
597 51
706 648
75 532
228 266
76 55
827 611
21 852
137 500
1005 296
602 151
962 603
444 605
701 997
306 558
462 527
419 879
948 15
621 797
626 236
674 144
911 673
205 678
631 920
392 329
190 427
497 385
754 197
525 723
29 339
152 115
640 212
674 615
632 800
466 512
780 1023
796 958
36 854
830 843
977 919
212 828
227 261
677 720
995 226
585 597
270 175
66 844
299 67
775 905
691 419
36 51
870 912
133 872
626 605
671 323
105 10
73 41
92 230
766 265
1009 900
702 963
904 582
450 355
431 899
830 493
655 478
121 672
595 918
707 109
1049 656
284 224
239 195
585 765
719 561
275 853
108 614
439 850
211 275
105 345
625 409
665 1034
164 627
969 260
373 442
575 73
71 936
587 47
70 313
711 866
279 1022
830 985
54 374
846 1021
848 69
351 630
140 582
909 38
238 214
467 971
783 481
84 752
330 958
938 295
919 828
795 808
917 356
983 1032
121 573
46 579
202 395
190 408
986 454
105 777
716 743
222 226
1027 997
13 487
839 197
390 809
602 553
1019 755
174 919
709 719
711 585
865 313
501 362
491 688
400 609
251 720
894 388
670 900
373 964
789 297
621 903
623 574
882 800
32 199
811 360
970 697
400 437
801 490
501 787
560 258
711 336
866 1026
477 850
754 964
602 326
508 704
602 1000
400 962
987 502
676 988
813 846
671 185
222 147
422 36
19 524
693 927
24 494
448 464
910 832
711 929
786 247
1008 199
948 1024
202 783
801 301
450 840
711 70
414 708
595 537
1025 218
677 538
623 107
355 901
736 778
989 462
590 720
493 219
621 421
718 219
975 80
870 892
838 377
1 94
690 737
70 303
818 36
250 118
1045 376
251 538
511 5
19 469
546 661
299 682
537 414
914 732
54 988
146 54
674 848
418 596
745 589
401 69
789 513
309 790
766 742
559 63
121 92
47 1021
606 369
288 802
719 1041
1044 219
915 430
364 17
1017 684
669 951
408 708
520 738
690 254
723 136
26 152
374 729
413 837
1007 162
795 97
948 400
442 153
488 977
300 217
984 616
918 486
507 395
821 430
299 915
622 325
112 516
152 307
987 465
210 220
67 721
222 457
224 273
227 640
509 494
333 336
373 283
767 774
375 399
336 707
156 920
117 23
469 721
269 901
43 513
989 840
1014 651
602 43
729 413
979 290
328 69
21 1001
1030 154
297 354
987 817
594 796
658 478
402 366
741 915
588 580
269 790
440 1047
363 160
376 473
356 482
117 237
734 860
1005 33
624 426
493 755
164 364
912 263
351 670
202 251
233 919
511 170
760 182
888 500
103 1008
220 441
685 854
195 732
27 168
553 92
959 669
770 637
623 716
16 376
1007 996
1043 952
1 623
888 29
62 581
62 699
663 845
511 227
928 651
43 844
398 659
171 871
379 260
317 90
21 1030
963 6
233 688
405 298
793 950
803 908
839 844
87 167
114 401
143 798
623 578
682 719
766 646
151 30
486 840
633 1040
449 383
998 772
175 60
870 319
689 312
156 1030
93 1033
107 297
121 152
702 294
975 110
271 75
690 435
104 258
623 789
833 275
920 699
188 1028
671 969
937 1043
783 206
268 949
207 886
308 282
251 818
70 79
740 879
43 30
843 887
454 156
508 759
421 528
736 738
691 917
577 997
80 473
903 430
758 390
1030 259
237 707
288 890
26 573
266 610
622 911
1030 974
439 517
15 691
564 844
286 922
308 1038
870 945
1 13
12 755
896 413
436 181
125 342
1 274
471 706
161 707
864 40
60 327
426 303
143 133
112 145
975 244
285 457
840 854
594 586
583 849
672 732
355 278
405 466
469 805
631 779
700 159
649 811
703 547
431 365
347 804
420 171
1046 958
421 223
645 799
1010 1008
322 841
702 621
662 1031
725 671
689 294
602 269
618 649
623 509
396 1012
613 614
795 525
919 17
720 47
557 50
493 747
462 811
895 902
901 997
414 882
1001 640
977 895
583 334
412 245
233 432
90 999
505 829
329 825
408 145
21 899
889 650
161 626
137 138
621 982
375 922
197 466
741 67
117 150
452 736
663 393
311 1011
491 592
396 672
808 494
619 56
251 1005
938 353
633 616
725 1002
166 192
1040 497
818 350
422 84
782 621
320 197
117 841
874 487
870 279
964 183
688 287
177 753
217 53
525 665
1026 714
471 378
830 565
689 621
794 589
514 1011
425 688
17 370
312 1007
216 324
131 922
340 303
992 164
825 539
329 364
335 177
427 958
347 232
1017 24
49 1050
309 779
922 367
423 517
497 102
497 271
922 307
679 896
766 745
477 52
92 321
740 669
269 899
61 881
501 292
9 59
439 930
270 303
359 1044
257 811
572 412
546 983
1 984
689 448
963 507
699 971
108 343
283 397
511 403
940 581
255 1004
363 2
257 489
522 852
1000 424
701 464
909 694
905 433
520 390
166 458
112 739
1046 774
868 234
450 431
226 835
227 582
190 758
914 471
61 568
797 426
2 424
575 520
707 415
805 955
477 930
256 1050
833 1032
773 809
140 505
395 358
756 234
395 207
723 584
473 648
1046 260
672 471
707 193
709 900
1032 173
79 885
426 79
452 270
118 937
661 608
177 604
376 693
310 169
125 522
685 314
311 740
867 653
1 602
25 36
307 95
948 215
447 767
284 346
552 991
359 545
330 260
917 622
268 186
175 676
130 532
618 600
425 1027
716 891
782 312
401 334
762 492
866 924
578 311
376 281
693 848
1032 771
23 766
23 682
948 813
141 352
585 46
137 160
252 936
239 529
773 639
90 159
394 778
332 747
843 616
322 338
974 818
513 423
80 340
537 963
567 586
706 231
726 927
488 402
525 898
669 68
326 30
330 354
1007 695
511 501
250 190
357 258
19 888
660 860
274 101
691 761
1 870
704 587
741 405
553 744
586 394
90 209
792 625
962 490
330 774
636 291
156 779
589 324
221 453
1017 55
170 430
917 718
741 682
309 1030
633 519
513 769
663 676
304 673
951 260
1031 949
414 784
388 955
643 699
527 988
657 240
830 864
981 851
939 275
618 797
1000 248
425 973
1016 956
333 163
394 738
674 927
450 609
398 865
36 699
661 172
811 731
21 901
537 704
298 900
317 131
761 127
107 114
554 51
294 590
429 316
544 35
623 553
34 78
300 133
21 790
114 840
623 137
355 188
976 933
372 1016
546 940
21 9
792 707
381 1047
29 1032
678 463
906 902
38 527
795 905
544 96
485 803
801 615
6 943
621 649
785 811
623 331
270 328
312 863
372 763
486 865
124 907
88 812
643 228
333 154
865 691
767 430
770 776
390 639
726 615
653 343
888 135
269 9
704 401
205 917
383 953
517 1028
725 76
394 390
615 430
328 862
10 747
363 500
558 87
942 709
1 986
774 17
36 581
327 1049
506 972
626 794
371 701
655 251
401 632
314 510
511 121
94 1018
275 42
406 571
16 125
1 666
312 942
277 768
1 511
531 657
488 26
754 513
1 782
519 657
537 156
59 871
782 414
485 23
275 1029
689 667
957 498
623 151
406 760
1 143
618 333
112 784
79 472
488 126
669 1021
575 349
2 147
272 958
109 732
442 396
951 354
270 691
707 521
432 530
623 1045
16 25
237 396
960 384
1010 368
431 1030
19 1024
817 958
811 723
920 314
707 20
792 153
758 778
624 736
904 261
725 535
566 997
346 417
813 395
702 821
947 62
879 386
283 41
41 240
995 424
602 595
689 414
1028 332
707 1020
488 280
823 1014
595 801
15 146
43 114
631 38
694 707
121 548
602 839
607 997
486 910
27 348
125 726
333 974
969 63
513 559
260 894
517 751
495 17
590 756
26 830
300 658
329 627
1005 479
40 724
995 457
813 478
974 256
125 197
100 638
10 755
481 884
987 506
313 610
478 926
94 792
446 652
537 621
884 607
870 896
1030 123
932 755
904 289
677 1005
775 7
409 819
852 829
737 1014
423 1006
702 448
81 838
235 828
756 638
28 89
1045 540
643 854
618 139
323 273
940 854
986 730
151 726
644 442
925 14
723 371
6 998
693 603
758 935
507 736
141 264
204 657
769 594
783 988
609 747
1044 747
723 820
656 613
677 256
372 330
1044 755
602 22
888 938
987 552
1007 475
25 53
174 487
586 878
540 657
567 796
308 425
956 857
762 1039
1008 722
308 824
621 711
631 694
651 404
959 374
767 260
1 762
676 206
967 1032
779 477
479 1014
939 1032
306 1024
432 968
400 865
294 175
1017 620
676 481
491 895
648 480
821 63
964 939
983 275
421 575
689 101
284 603
665 157
792 396
349 970
517 1019
801 603
539 264
963 80
711 661
623 398
866 543
906 111
378 613
637 343
244 40
989 587
444 407
655 249
655 846
449 446
649 569
19 540
739 178
16 888
66 30
490 422
278 246
507 251
308 549
192 894
695 774
626 438
595 558
233 592
461 38
268 971
94 267
801 346
161 756
708 148
495 828
340 691
474 571
19 376
655 270
29 275
623 595
13 592
618 711
162 266
661 560
848 334
467 596
125 297
396 883
990 417
866 495
520 893
333 929
454 294
796 63
452 478
963 244
488 375
26 672
170 354
485 1002
535 481
121 57
621 546
954 497
336 396
131 266
454 821
511 257
554 581
754 283
801 140
269 85
797 736
364 828
306 125
134 902
782 156
624 395
725 150
94 875
1002 931
741 579
485 671
452 426
507 846
721 728
848 749
690 638
962 346
188 446
450 1009
907 470
748 788
775 525
439 1006
779 82
1032 238
774 828
465 604
553 548
558 244
123 972
624 846
640 799
798 931
438 56
674 179
110 879
1021 287
34 853
228 922
142 873
342 1014
306 215
838 504
615 63
300 11
912 872
548 749
548 966
624 249
305 886
1015 987
335 767
468 176
761 562
807 88
801 591
604 651
284 301
363 765
986 1024
295 656
963 785
775 808
608 291
107 283
848 862
1045 351
735 343
585 967
312 507
158 361
478 345
558 769
376 340
910 915
51 148
461 920
689 821
1 961
870 544
401 862
306 400
322 237
530 1050
703 812
548 849
976 566
308 814
674 591
505 953
174 973
674 363
447 164
314 210
395 211
121 861
274 294
277 684
854 411
920 581
294 146
342 657
546 336
315 55
1007 293
948 989
57 572
530 936
169 514
620 149
447 330
694 626
405 317
398 401
942 379
351 104
585 160
803 1046
958 812
94 867
1035 960
954 383
223 893
621 600
899 243
531 1014
436 349
486 452
511 826
986 918
363 938
838 653
642 699
290 568
102 45
363 135
846 951
400 840
446 108
395 408
849 690
450 962
19 215
114 609
54 669
778 715
770 536
618 982
862 640
150 581
38 811
511 65
1000 457
398 437
262 464
726 490
107 726
169 1048
1000 93
399 218
421 124
425 432
674 301
975 942
344 958
249 374
70 175
879 556
694 756
866 128
457 793
621 567
754 30
1008 321
797 249
818 823
789 522
967 275
284 591
145 673
79 931
898 774
94 713
274 621
918 624
431 852
874 895
564 513
511 1015
1031 971
491 432
142 539
454 239
816 563
447 379
734 327
450 401
989 1009
1040 383
723 827
951 958
1016 89
926 747
888 160
490 685
70 328
548 225
803 86
54 481
202 117
217 36
900 178
537 909
446 39
328 1011
995 248
711 983
796 354
274 1017
129 900
917 662
643 51
284 144
97 657
489 1027
866 100
769 858
514 69
400 659
518 84
1 306
391 354
975 423
909 278
114 461
629 932
284 363
707 518
602 509
419 374
692 1043
511 229
43 964
823 657
916 650
1013 1043
80 786
251 626
867 504
564 297
956 653
363 995
1016 247
241 471
513 507
756 254
146 98
618 976
918 700
146 917
220 31
938 344
782 294
915 774
395 1036
922 484
870 391
372 177
990 380
137 29
295 651
150 314
49 936
992 1016
624 251
43 522
167 828
94 191
546 585
166 835
134 911
1046 63
511 77
586 4
888 995
786 420
606 434
661 1013
792 141
66 114
486 401
977 592
222 248
642 314
408 516
554 314
564 442
144 635
175 99
621 250
895 111
1045 801
1030 866
421 904
8 213
117 677
478 921
762 855
969 958
1047 148
1045 1024
513 80
578 795
834 815
890 1021
376 786
618 421
379 63
100 737
508 485
349 542
73 316
847 131
631 1001
861 1022
1015 847
400 587
43 197
905 255
602 789
655 783
694 625
19 351
723 359
866 428
508 309
517 383
975 451
312 87
25 84
1015 49
564 283
256 936
380 639
320 30
695 63
761 27
456 148
105 926
775 941
1049 651
1042 836
380 809
223 390
713 472
428 417
982 1047
909 901
595 15
834 796
987 577
925 368
308 770
602 16
707 34
306 454
492 361
544 880
839 513
924 822
974 707
1028 732
702 909
94 710
405 482
890 951
179 533
721 122
46 766
556 960
129 719
699 949
903 354
595 1024
595 351
578 198
195 471
843 712
181 935
962 140
992 112
165 468
539 675
161 1005
581 592
948 558
667 628
442 141
909 790
898 63
1045 15
975 741
396 152
677 818
518 53
23 915
620 166
901 74
979 1032
564 964
602 948
190 523
618 567
146 503
170 63
948 469
175 491
1028 471
623 277
517 497
548 334
775 169
679 912
975 559
26 57
121 1012
984 519
461 365
177 1031
694 818
803 444
535 374
779 858
558 451
13 895
888 967
169 601
251 141
770 455
114 452
464 1050
486 462
987 856
113 212
488 746
644 342
177 183
156 852
689 1017
588 409
351 48
38 489
465 939
795 174
450 437
779 550
308 515
432 800
450 910
801 927
894 341
442 626
76 24
847 499
444 954
922 235
557 753
244 8
862 165
151 197
818 84
796 430
117 780
763 466
944 470
161 818
1 655
391 774
825 873
16 15
63 900
16 537
174 895
243 166
28 247
1 276
198 438
60 71
435 216
564 726
759 581
583 1011
19 454
607 74
19 15
704 865
137 967
537 759
595 445
966 357
987 593
396 830
1 19
7 922
197 456
618 460
613 343
870 897
446 187
114 659
621 3
700 387
616 690
190 1036
533 453
595 400
225 47
423 850
337 978
117 671
355 1030
954 1028
349 103
383 599
449 751
593 285
349 859
2 248
198 643
738 871
929 468
415 885
1030 70
792 756
629 877
662 939
789 844
454 309
340 146
466 416
673 936
888 138
553 883
222 93
96 936
801 233
109 471
486 674
486 300
941 266
567 815
333 259
726 603
1030 184
13 688
400 431
336 756
725 803
67 937
522 779
789 30
323 1022
691 88
125 844
485 841
766 696
986 373
309 85
986 537
450 452
629 526
590 626
792 818
779 725
125 30
1037 1034
125 964
618 250
874 919
462 890
303 805
711 496
631 899
347 698
121 830
736 390
948 376
126 37
508 414
294 79
395 583
995 483
398 840
582 260
462 489
310 81
88 681
309 899
1032 476
363 967
992 330
156 188
644 844
6 459
274 775
1037 157
987 781
175 845
267 812
861 1033
897 464
250 44
81 491
180 178
65 1050
408 200
16 918
1030 810
315 684
607 464
62 854
942 763
786 89
557 183
229 613
271 329
874 592
975 863
336 626
644 702
941 922
288 527
94 272
450 659
312 451
1017 1010
340 590
274 963
647 339
193 268
789 283
992 767
903 260
540 1014
482 836
658 117
396 92
807 678
488 467
454 414
835 384
322 1002
156 790
250 119
239 914
355 899
845 435
891 871
306 373
618 242
103 14
726 179
1030 585
448 74
833 290
107 522
633 142
110 988
181 893
347 791
376 335
190 358
488 748
