100 62 172377 321621 887264
-221240 165569
338137 977283
-707124 274456
603776 192530
498622 630483
-86542 338376
433226 697790
543847 369371
688522 611348
131568 474749
-123493 892925
-502350 64920
229313 985520
378329 482181
-654555 624533
-293533 884705
314386 190421
-959517 971323
-64530 860074
80838 243806
313063 186962
236567 840633
-181930 606570
-309471 989246
699760 921762
364731 909855
-592817 204216
16786 121675
506792 686004
356476 735637
122781 57402
774322 848093
458838 660134
2753 795202
-554316 258192
825149 704175
-776473 27837
-890423 498476
12065 331865
-146974 490333
-2267 731123
397834 841168
-852551 731938
617198 926908
344623 431909
157564 878287
167144 148885
-558831 499501
826752 880966
19993 122338
892459 740277
824965 192167
-598422 243917
-551373 20096
242773 829683
68914 619806
-228042 423390
-171560 994009
472002 339743
40318 265537
-902305 436159
319832 371770
464072 288243
733679 155377
-122784 551091
-123701 816425
231580 282468
-247048 404570
870654 14549
690348 887734
395954 366641
-842259 92467
509299 717553
-606282 795583
-498274 959045
351071 279500
649598 705001
301689 579479
866379 779889
60159 576146
476564 56754
-983708 861718
564049 643638
-274245 898853
675659 983464
-815635 359972
-741745 89771
167443 423661
-20119 605987
210979 471107
-425778 277299
841784 140345
-738138 165324
585819 634908
659736 473504
242516 545401
-302624 477566
499196 466323
807976 772854
-473099 840898
-51183
-484680
-941397
308539
968349
-23155
-210088
363634
83016
-6419
-926684
-523797
913936
-136872
-647621
646691
-906509
290396
556813
778327
423189
24688
137917
-309314
-500020
-609896
738937
-736956
714091
-442941
-748706
682857
-542214
-100022
-841611
-119177
-452275
-427783
-928487
-174049
186397
-218570
226509
-19787
231152
-713974
265037
168106
826278
95649
-702523
690289
-397895
630342
172351
-112912
958349
-459507
780616
-399170
-15988
-189596
