42 76 118018 -81001 933983
780007 927742
-291608 320228
-409203 432126
-636680 13074
438091 276929
-26016 977695
223397 607662
337350 369560
-341225 14249
49204 852946
35130 23555
224703 719734
-570444 402047
292789 697345
-674383 608413
238366 692904
116502 326520
-923126 206453
-496295 342483
-739311 822298
-750484 582147
-143365 939090
-874092 626648
823711 454469
260071 232460
-321702 497841
-195657 352389
794185 872050
960359 221127
-990843 695262
853981 410536
579941 973355
268115 603737
-631092 735163
-224564 319354
177307 526859
-960228 317334
-664370 830322
606167 997100
-655767 583343
987461 249042
989473 503296
225822
-8247
401505
185866
294396
807332
-43495
357444
-297557
64182
930842
-241383
-615472
-632628
-59496
-346043
-94941
69100
581840
221241
707668
-908560
762965
-778497
-412192
551438
822180
233292
52453
269628
-983709
-558132
411824
977975
-182785
250801
734223
664331
-430548
937610
-66099
754691
-309908
-972140
-871414
-259540
-873155
321294
-843307
846917
934591
-702036
-474594
-714498
-447202
-135541
-894394
850015
266797
987795
150394
-27756
268639
-283784
917052
204386
48156
113952
-915878
-456119
353318
-783573
-174146
-24036
-506396
109047
