79 54 64102 365118 768656
269486 761934
-452463 132380
445529 188038
226767 890167
515406 92150
-30776 699550
670359 122431
-275139 513102
-448952 924219
-707683 883657
-351556 896457
-736421 3922
151929 460578
-288590 687362
112438 460496
-552459 461807
-222003 452515
-699386 299209
-954734 5355
-315168 685242
-28193 766504
1657 601485
-285460 708907
877593 541131
640344 259661
567961 746079
88265 17743
264636 406377
378742 780313
371060 204034
293395 548926
354571 943114
-414995 630689
883515 741401
-495662 152151
-103850 413717
-205503 111644
779280 401625
-587559 821687
744461 22501
513739 222963
-618461 51727
55666 554451
722496 244134
-915275 492339
-347902 328295
776962 195069
-478280 500799
289202 338575
304830 602247
-324001 906404
-422141 716106
707644 349722
663666 811596
826653 403734
-806745 569768
-843056 164490
-457479 247170
-469981 243131
258186 578205
-236842 54155
-790549 519971
99493 526216
794199 708619
642737 780772
9886 821161
922108 478479
938253 613748
316270 429935
-318799 270668
918442 98221
-790083 684223
566300 993430
421318 745167
154051 874400
-343549 784046
-280819 333401
2662 206738
941220 474693
372125
169202
-618608
641467
209892
-875436
-566622
960174
-625201
476155
580286
524757
421584
-904020
749681
-994708
722958
-883660
-520590
840558
-645739
-737005
869170
-949590
-933147
142494
-248632
291692
-121490
-585864
542503
-634751
480211
659795
-480413
-483165
-694614
-825540
-382986
876366
-222408
349285
280494
-287108
-410244
410595
52170
-620219
305893
104243
650160
-877484
-473236
-713485
