0010000000
1101111111
87 45
0010000000
1101111111
81 45
0010000000
1101111111
80 45
0010000000
1101011111
54 45
0010000000
1101011111
2 45
0010000000
1101010111
1 45
1010000100
0101010011
28 30
0000000000
1111111111
0000000000
1111111111
28 33
0000000000
1111111111
0000000000
1111111111
28 39
0000000000
1111111111
0000000000
1111111111
28 51
0000000000
1111111111
0010000000
1101011111
52 65
1000000000
0111111111
0000000000
1111111111
28 65
0010000000
1101011111
1000000000
0111111111
128
