100 400 5
53 9 3
62 78 9
31 35 6
72 93 8
86 90 4
30 31 8
9 41 9
60 61 5
95 99 9
97 99 8
70 83 2
46 48 10
33 34 6
34 35 4
22 54 5
28 69 2
62 81 7
49 87 7
16 55 2
51 52 2
6 30 3
61 62 9
50 51 10
73 82 3
48 49 6
53 80 7
63 78 2
68 69 10
12 53 5
70 100 2
64 68 9
62 76 6
93 95 7
6 7 3
44 76 7
40 43 5
68 99 8
70 100 6
3 4 9
20 27 8
38 39 5
46 88 3
94 99 9
85 92 8
86 96 7
47 80 6
31 57 9
56 84 10
12 76 10
54 55 3
91 95 5
88 99 7
98 100 9
57 60 8
41 61 3
85 92 6
78 87 10
82 93 6
8 58 10
64 93 3
28 39 6
72 94 9
43 78 10
56 98 10
58 77 3
19 66 6
33 46 10
17 52 4
23 24 7
32 81 6
62 63 8
11 32 6
44 53 3
31 67 7
45 83 5
76 99 3
19 73 3
92 95 5
91 95 3
21 69 9
33 78 8
18 19 2
4 90 6
45 74 10
10 93 10
3 6 3
19 65 9
68 72 4
98 100 3
15 95 8
44 90 3
68 85 6
37 88 2
94 97 4
35 92 6
92 93 5
95 96 10
87 98 7
86 99 3
50 68 9
64 65 8
49 76 5
73 75 8
44 87 6
8 75 3
68 95 7
62 82 2
81 94 2
13 14 3
96 100 2
74 75 8
82 97 5
36 60 8
40 41 2
30 86 3
27 82 6
74 89 7
63 89 4
87 96 8
6 100 6
61 99 9
16 17 10
78 79 3
65 93 4
11 71 2
57 58 5
37 43 2
72 99 5
42 43 6
25 26 8
57 83 10
37 38 3
97 98 8
38 72 7
22 23 2
14 64 6
32 88 3
28 29 6
81 89 3
77 78 2
65 96 10
70 71 10
79 98 10
6 65 9
60 95 6
20 31 10
12 13 4
52 53 5
83 86 6
91 92 3
52 81 8
95 98 6
54 61 6
53 93 4
32 57 7
78 87 5
79 96 5
94 96 10
26 27 3
68 97 8
72 99 8
58 59 9
66 100 2
74 97 5
96 97 4
79 80 10
80 96 5
73 93 9
93 98 5
15 17 2
75 96 2
56 57 2
25 48 10
44 45 8
33 42 3
52 78 2
85 86 3
80 89 9
68 84 8
11 28 8
86 87 8
41 75 5
91 97 7
48 98 2
20 59 4
59 98 10
19 41 3
56 69 8
77 91 6
58 94 3
67 68 3
26 29 6
4 5 4
36 37 8
76 79 7
30 91 6
7 8 9
69 70 6
87 88 4
69 93 6
63 79 4
19 20 7
5 24 3
87 98 9
63 78 4
23 53 2
87 97 6
20 52 10
27 71 2
44 96 2
96 98 8
11 12 3
55 56 5
8 40 7
62 91 6
14 84 2
63 83 7
21 22 10
45 51 10
83 86 10
69 88 3
36 82 8
40 91 5
45 46 7
21 46 3
51 88 6
91 93 10
76 84 8
21 85 8
81 95 8
25 68 9
73 89 2
63 87 9
36 95 3
67 96 3
11 36 2
80 92 4
20 50 5
52 58 10
39 100 3
30 79 9
13 43 4
14 15 5
8 9 4
87 100 10
73 74 2
84 85 8
27 83 9
31 70 7
18 89 7
22 62 9
17 33 5
53 73 3
88 89 3
66 67 6
91 100 2
72 100 8
79 98 2
85 88 8
65 66 3
88 98 8
17 18 4
89 90 2
80 85 3
63 64 6
76 77 2
48 66 8
80 93 9
47 48 3
2 3 8
70 95 8
39 40 3
45 99 6
2 47 2
92 96 2
60 100 6
32 33 2
86 98 3
75 76 8
80 81 5
20 21 10
68 77 8
63 73 2
31 32 8
12 93 4
92 94 9
99 100 5
43 44 10
9 10 6
68 82 2
54 78 5
71 87 4
30 43 2
66 69 9
60 90 10
15 16 9
6 79 8
45 84 7
94 95 9
61 77 2
1 71 4
27 28 8
97 100 7
4 99 7
2 43 7
72 76 9
83 84 4
2 12 3
71 72 9
22 96 3
55 93 7
40 55 9
47 73 5
24 33 7
15 42 4
45 94 7
91 95 3
38 46 4
56 63 10
59 60 10
24 25 10
61 82 4
53 77 6
3 20 2
18 74 10
88 98 4
60 72 4
1 2 5
97 100 10
1 83 10
60 93 3
71 93 2
82 83 5
52 92 3
29 30 6
31 71 8
93 94 7
87 97 9
81 82 8
51 67 2
54 90 7
44 90 3
26 83 2
18 95 10
46 47 2
23 78 7
66 97 8
40 47 7
75 79 6
93 98 4
58 79 7
40 80 9
94 98 3
49 82 4
35 36 4
79 82 5
72 73 6
15 58 7
56 83 4
76 92 4
2 62 5
62 65 7
73 76 8
76 89 2
7 61 2
59 61 9
20 36 10
45 81 9
98 99 4
8 50 2
49 50 10
41 42 5
19 61 4
90 91 10
8 52 9
96 99 7
37 100 8
52 69 6
22 46 9
4 32 9
53 54 7
77 91 10
5 6 4
94 98 10
64 96 4
31 72 6
82 87 4
10 11 6
45 70 3
75 100 6
80 87 7
26 91 5
72 74 7
41 97 2
89 91 6
19 32 5
40 57 8
63 93 2
62 76 8
20 32 10
