15 103 580133409266831664
899592344219321434 53015756628818102 519272859869259098 92454590051859919 11081380400553838 50927634148840416 125328239051348450 71627342353150528 456270567142120333 709740255053364428 194984163130288676 817703316944224656 575391858777222480 320711884164753857 867837122937585963
6 2
12 2
11 10
13 10
14 12
15 14
14 3
14 11
14 10
1 6
12 1
15 7
10 8
12 3
15 10
11 12
8 14
5 1
3 6
2 3
9 11
2 1
7 13
10 12
9 8
9 7
13 15
15 6
12 4
11 7
1 15
7 14
9 12
6 4
3 5
13 2
11 1
6 12
12 13
6 7
4 14
4 1
1 7
4 11
3 13
9 13
3 9
11 5
4 13
9 6
4 9
14 13
6 14
13 1
15 5
2 10
6 13
11 6
6 5
7 4
4 15
3 10
2 7
9 15
2 14
1 10
15 12
4 10
2 11
7 10
8 7
8 11
6 8
1 3
9 5
7 3
5 13
10 5
5 8
6 10
14 1
2 15
2 5
1 8
2 8
11 13
15 3
8 13
15 8
2 9
14 9
4 2
12 5
8 4
4 5
12 8
1 9
7 12
15 11
7 5
5 14
3 4
3 11
