14 80 109771736449234213
196832638794305669 7646548728925487 1678593412166803 765856802086869068 671849742070997409 109215535751923555 827587182084590642 189932656529082097 508756290511975700 589342835885957066 153080557043832337 450882618540378182 42464956291437022 266767940675524995
2 9
12 10
6 12
14 7
13 9
13 8
1 6
12 2
12 4
11 9
6 4
13 10
1 9
6 5
14 12
4 13
3 14
14 6
3 5
1 8
10 8
2 7
14 11
9 10
2 5
10 7
13 3
5 14
4 2
13 12
2 11
9 3
1 5
1 14
13 11
7 8
6 10
2 8
9 14
8 12
10 3
4 5
13 2
1 13
14 2
1 11
7 9
6 13
1 2
12 9
14 4
5 11
10 5
8 3
11 7
9 8
5 9
7 3
3 11
3 2
4 1
6 9
4 10
12 7
5 8
3 12
13 14
1 12
7 1
5 12
12 11
6 2
13 5
11 8
11 4
7 5
1 3
11 10
10 2
6 11
