13 72 103008731614274418
363442214120251460 50427867905538777 595260092919904639 373828918204231160 590436074764227318 232099477938107397 236426318819808960 244361286929299921 731166249407001339 112590684380573953 704728975731111649 956279851373121643 397374860922230268
9 3
1 7
5 8
11 9
8 11
5 7
12 2
1 6
3 5
2 4
3 2
12 11
10 2
2 11
4 10
5 11
2 13
7 10
13 6
6 8
12 4
11 10
11 4
3 12
3 10
13 5
5 2
6 10
12 10
4 3
8 9
9 1
6 9
1 2
7 12
7 3
9 12
4 9
13 11
10 13
1 12
8 12
7 11
12 6
1 11
1 13
9 7
8 7
6 3
1 8
5 1
9 5
2 6
9 13
2 7
13 7
8 3
4 7
11 3
8 2
6 11
9 10
5 4
10 5
5 12
7 6
2 9
4 13
12 13
10 8
6 4
1 10
