13 66 384520332466220624
456964675653769808 680045069530079454 274948142501386066 134398246845947863 670356535886270750 178282565665823320 512794756447850828 50252545496862865 541422634474563231 961120209571547713 371355651307501836 186254550272900976 966822162226229042
8 13
13 1
2 4
2 1
6 10
8 9
4 6
1 12
12 7
1 5
7 11
1 8
5 12
11 8
3 5
6 12
1 4
3 10
1 3
9 6
8 3
13 11
4 8
2 9
7 10
2 5
3 9
5 6
1 7
9 7
1 9
10 9
5 13
3 4
11 6
10 5
12 11
2 11
1 6
10 12
3 13
9 12
11 1
6 7
12 3
9 13
6 13
2 8
3 11
11 10
4 12
12 13
7 2
12 2
10 2
9 4
13 10
7 5
5 9
7 8
11 4
4 13
2 6
5 4
8 12
5 11
