15 105 955345679538019750
615462645606843028 137237848086638635 315736591871285923 888925877062886563 818699527929622441 476500710289278487 89428204670590615 372294871178155724 849461475557783931 196122783934725273 461355995222745332 118136016376552022 276528013816248995 800448573761661322 998527164253008578
12 9
1 4
1 6
13 10
2 11
3 1
14 1
4 7
11 5
2 6
1 11
5 3
3 6
5 12
14 11
12 10
3 13
2 3
12 7
13 8
3 4
15 7
10 8
13 11
11 6
9 4
12 13
12 8
2 5
10 3
10 1
4 12
5 7
2 1
12 6
3 14
10 14
2 8
14 4
9 7
11 10
1 13
6 4
13 2
15 13
5 1
2 12
11 12
6 8
7 11
14 12
11 3
3 9
10 4
2 4
10 2
6 14
12 15
5 6
7 6
4 15
8 3
10 6
9 5
3 7
5 13
10 15
12 1
5 10
8 14
6 15
13 4
4 5
9 15
9 1
6 13
14 13
14 2
7 13
15 8
11 15
9 2
11 9
7 8
9 6
11 4
9 13
1 7
8 5
15 5
7 14
10 7
11 8
1 8
9 14
4 8
2 15
9 8
9 10
15 14
15 1
15 3
3 12
5 14
7 2
