15 88 683606729060406584
556151780310650323 147645908988824054 524830785428982553 72405097141396129 461466784366730729 210121551977778346 16763422447528453 770625663219056599 779368056330588019 559192174336763390 612354249362223612 687563679929024141 352307505689301957 329908377599918332 209942995706507623
11 9
13 5
8 13
10 4
8 6
5 14
6 13
5 4
13 11
3 1
8 11
10 11
7 9
14 15
15 1
4 6
11 2
8 7
10 12
8 5
1 4
5 2
6 3
12 9
8 1
6 10
7 4
2 8
10 9
8 3
6 1
10 15
12 14
2 7
1 5
3 9
5 15
11 7
6 7
1 14
14 11
13 10
1 10
10 7
9 6
15 8
12 6
4 2
12 5
6 14
7 15
10 2
8 4
11 12
2 12
9 15
12 15
10 5
7 1
3 12
5 3
4 13
9 1
2 9
8 9
5 11
1 2
2 13
9 14
14 13
11 1
10 8
7 3
7 12
12 4
5 9
2 15
4 11
13 12
12 1
5 7
14 8
14 4
4 15
7 13
8 12
3 4
1 13
