14 90 679990302849562227
254298536450867080 732214648733321753 466637038148587585 957564900460345591 971810713059488251 399751177649257960 526684325847536127 191904249715325174 609927174435023732 951076251235045837 122304252871767413 367890524181737600 613518321863509028 351740693523065473
3 7
14 3
4 1
12 4
11 13
3 2
4 5
1 10
1 14
9 11
8 4
7 12
9 12
2 6
8 1
9 13
3 10
14 13
6 10
2 1
14 4
12 11
4 11
13 6
7 13
14 11
9 14
3 13
8 11
5 10
9 2
13 4
2 14
3 1
5 14
14 6
1 12
6 12
12 5
7 8
11 10
12 13
1 11
10 13
5 9
3 12
3 9
4 6
1 6
8 14
10 9
3 11
12 14
10 7
1 5
2 4
6 11
6 8
10 4
10 2
11 7
5 8
6 3
8 9
2 11
4 9
10 12
1 13
8 10
7 9
4 3
11 5
7 5
4 7
5 13
7 14
14 10
5 3
6 9
2 13
2 12
7 1
9 1
8 12
8 3
2 5
7 2
8 2
5 6
7 6
