13 69 75403304803046764
425586910005736592 969627160068708952 8405841780640838 200628822715657197 443919674658362813 814581495306742342 380276028841733301 16989707177466348 680330714625880719 558713286113730870 9955498253036428 725789604884677928 365353215214093400
3 4
3 6
12 5
3 10
4 1
3 5
3 2
11 9
13 4
6 2
13 2
1 13
13 10
10 9
2 10
13 6
9 8
3 13
4 9
8 4
11 7
7 9
5 11
8 2
11 2
1 12
6 9
9 13
10 12
9 5
12 8
10 11
4 7
12 13
1 10
4 11
10 8
11 13
12 7
7 8
2 7
3 9
11 3
7 3
11 6
6 10
1 8
8 13
1 6
7 5
8 11
4 10
5 4
9 2
1 7
2 1
3 12
1 11
5 8
5 10
1 3
12 6
7 10
2 12
6 7
8 6
12 9
5 6
4 6
