14 89 335430370944924527
557496792609922223 625383441692911287 795513045835847703 803196682425603636 227901896066304129 255979381136857838 223681197961859083 822581563929864126 346049583220275081 85959245266357564 91652097219707804 211417922538048641 826520677353866021 208189020069685166
7 14
5 8
2 8
12 11
4 14
2 4
5 7
9 1
7 1
11 6
12 6
2 5
1 13
5 13
9 12
8 12
9 14
11 2
6 14
10 11
4 10
10 12
5 3
6 2
1 2
3 6
2 7
11 5
1 5
8 7
8 13
2 14
2 3
1 14
6 13
13 4
13 11
11 4
4 12
8 3
4 9
14 11
12 5
14 5
6 10
12 2
4 5
11 3
6 1
9 11
7 13
1 10
2 9
12 3
10 9
9 13
3 7
9 6
13 14
1 12
2 13
12 14
12 7
8 14
8 1
8 4
13 12
14 10
7 4
1 11
5 6
9 7
6 7
10 3
5 10
1 4
10 7
8 11
9 8
3 14
9 5
13 3
13 10
3 1
8 10
9 3
8 6
10 2
7 11
