15 88 517129652116776720
796170533881876960 40052875090734097 135747510896241448 224743837897167130 705280188944964467 919218264459205837 866583171280617760 848730536103245375 78831181029776102 475181534483106758 646121170215532488 619412441433431228 311293882356415484 900809804255849511 686821836964651510
10 1
3 4
13 8
2 6
2 15
10 14
5 6
4 10
2 14
11 7
5 3
4 14
4 2
1 12
8 10
8 14
11 1
6 9
12 10
3 9
5 11
14 13
7 4
2 3
5 13
12 11
8 7
12 9
12 5
14 7
6 12
15 7
7 5
14 6
2 7
1 4
13 3
5 1
6 10
2 1
2 8
14 15
15 6
11 2
9 11
10 15
8 15
11 13
11 6
5 8
8 1
4 5
1 13
10 5
12 4
13 7
9 1
9 10
3 11
4 9
13 12
9 2
1 6
8 11
10 11
6 3
15 12
12 7
3 7
12 14
9 8
7 10
5 15
3 14
9 13
6 4
4 13
3 10
13 10
13 2
3 15
1 3
1 7
2 10
1 14
1 15
7 6
9 7
