13 64 329467924442467878
646292845363466402 340430390655540423 886810138845116533 39936097409539153 913432466960561002 602450520208761333 373828261638409015 667657474356136433 785467436052153428 146484939478409777 905868211050101145 17011363096280257 145760138946384094
12 11
5 7
6 2
7 4
7 11
13 2
3 5
1 7
3 9
10 1
5 1
9 11
7 12
13 12
5 10
6 1
10 12
6 8
1 3
11 4
7 3
8 2
1 8
11 6
10 2
13 6
5 4
11 2
2 4
8 7
10 3
13 1
7 9
7 10
12 6
10 13
13 4
11 1
13 11
3 13
1 12
9 2
10 4
12 8
2 5
4 1
3 2
6 9
13 7
9 13
10 6
6 4
4 12
3 11
8 9
3 6
4 9
5 9
11 10
3 12
6 5
5 11
11 8
3 8
