14 60 277724581807035887
583448086193186261 592775557754197284 423131437432375893 188914048427512623 114435096027896898 465470760952411270 515592163221996036 390303504698348035 978373796601617588 735135903875020502 348473114945474202 801820683239811986 653381751020618743 219524647104762180
3 6
7 12
1 5
11 7
9 12
2 7
7 5
1 2
3 5
14 11
9 3
4 1
9 11
11 13
3 7
4 9
4 10
14 7
10 6
8 5
7 8
4 5
12 6
13 14
9 7
13 2
5 13
2 6
12 11
4 8
14 10
13 1
5 11
13 3
7 1
3 14
7 4
13 7
11 2
2 10
9 5
12 2
12 4
7 6
3 10
10 5
13 4
13 9
6 9
4 14
9 1
8 6
8 2
5 6
12 13
10 11
8 9
14 5
8 1
10 12
