13 67 301754072747398126
265229440645252605 147893078440826980 324796610061770660 551587001457543179 760667349634888702 663754795357245527 13662180881282347 505883171963085228 700459283676605999 680916615477968075 346754098755067485 36257491903674274 90955993330063055
11 10
12 3
10 9
1 5
5 3
7 3
11 6
11 3
9 6
4 2
7 6
4 11
9 12
13 5
2 8
13 6
5 10
11 2
10 13
3 9
9 5
3 2
2 9
5 12
13 8
7 11
1 4
6 1
1 9
10 4
1 11
3 13
12 4
7 2
5 6
4 8
8 6
4 13
2 1
13 11
7 12
7 4
9 4
6 10
3 10
10 1
12 1
13 1
2 12
9 7
12 8
12 11
8 7
8 10
7 1
10 12
11 8
11 5
5 7
13 2
8 9
8 3
12 13
8 5
5 4
12 6
7 13
