13 65 572440567840425592
511814115740732885 663983644274559529 290152050813440086 965100648598673086 30857576447532207 38983595600942050 44868781971516033 852778926994745179 689837263233427103 463859563825515127 374239587300029375 570685282674371777 524325090774617958
13 9
9 1
8 11
7 2
7 8
7 13
5 7
6 5
13 3
2 4
10 7
9 7
9 3
5 8
11 3
5 4
8 4
6 2
12 1
1 10
4 3
2 10
10 4
7 12
12 3
10 11
13 1
4 9
9 12
12 13
1 5
9 6
10 8
1 11
8 1
12 4
10 12
9 5
8 3
4 6
11 5
10 3
13 8
2 5
3 7
13 5
8 6
13 2
2 11
8 9
6 11
3 1
2 8
4 13
12 5
12 11
3 5
11 7
4 1
10 6
8 12
1 2
4 11
9 11
9 10
