12 56 869512898929058396
754220212722812283 166889637803908373 104797582558497589 528115017624931431 615539035822791815 118783102898342804 693208985325316886 154703682974820603 72071186025455087 848518128787570353 935988349833056226 57807088687352158
5 2
3 5
4 8
11 1
7 3
2 3
8 2
12 1
8 1
7 6
1 9
12 5
9 7
5 8
3 11
3 12
12 9
9 5
11 7
4 2
1 5
7 2
10 4
12 8
12 7
10 6
12 11
2 1
8 7
11 9
4 1
1 7
11 4
2 9
1 3
12 4
8 3
10 7
6 5
3 9
11 10
12 2
4 5
6 1
12 6
7 5
4 9
3 10
4 3
10 9
8 6
1 10
11 2
8 11
10 8
11 6
