14 89 801379746991246499
335026397920555041 783535532219393913 748365417548601753 56957506523190711 655599767102238312 19905399949782991 574864688638174938 90183680413958696 265070292671566367 592530855084572476 489917427815519613 7442773870417111 630575642739100067 651455557784007740
3 12
12 10
1 4
6 10
8 2
4 11
13 9
9 8
10 13
4 14
8 13
14 11
8 3
1 10
4 6
4 9
5 7
12 6
8 12
14 9
7 13
13 11
12 9
2 6
1 6
6 11
14 2
10 5
14 7
7 10
7 3
5 13
10 14
13 3
1 5
8 6
3 10
4 8
9 7
7 6
4 2
5 9
8 1
11 3
14 6
7 1
1 3
12 14
1 14
3 6
8 5
9 2
13 1
9 1
13 14
5 3
11 10
13 2
13 12
5 14
4 12
12 1
6 9
8 10
4 13
11 9
4 5
7 2
2 11
14 8
5 2
8 11
9 3
12 11
10 9
2 12
2 3
3 4
10 2
11 5
5 12
4 10
6 5
12 7
3 14
2 1
11 1
7 11
7 4
