15 88 41674618682150684
193131552099368670 43688682373440590 80987913055877753 533624442337116662 469409604608996366 117882635947265883 236009873325717685 84557881923159807 92152188655117153 427875905357630216 602470613886232094 85309529454530443 369650967036327935 535029245718712994 3577007985271136
3 1
14 11
5 4
4 6
13 14
1 10
3 15
13 5
15 14
14 2
3 4
12 3
12 11
14 12
10 3
8 4
6 3
6 5
10 14
1 6
6 10
14 6
11 15
11 4
11 8
9 15
9 10
11 2
2 10
5 7
6 11
11 5
15 2
12 2
13 1
4 2
7 10
14 4
5 14
5 8
2 5
12 9
7 8
5 9
4 10
11 7
2 7
13 10
7 3
12 4
3 9
9 11
10 12
1 12
13 6
15 8
5 12
4 1
3 14
13 15
1 8
7 4
6 15
15 10
13 8
5 1
8 12
11 3
10 5
8 3
6 12
4 9
9 13
7 15
13 3
8 6
12 13
7 14
9 1
1 11
2 6
7 9
2 9
7 1
12 15
4 13
15 1
9 6
