13 75 122013601152601020
102573945790661441 119801481456740433 918257918904279930 290942994898157004 263309413587975225 176964463128718582 761601089984502811 634241033261747054 571682868717366221 514639207383578779 104093621484438574 329127701356038973 75081873200425743
12 10
8 5
6 8
9 10
3 11
11 7
5 12
9 13
9 11
10 13
8 1
3 7
7 4
6 2
3 9
9 7
5 7
8 7
4 12
13 2
3 10
8 11
13 7
5 4
10 5
9 4
1 5
1 9
3 4
6 13
13 5
7 2
13 1
11 10
8 12
3 1
12 13
13 3
6 9
10 8
13 4
7 6
10 4
2 9
11 5
5 9
6 3
6 12
6 1
7 12
10 7
12 3
1 2
2 5
7 1
10 6
11 12
3 2
12 1
4 6
1 4
9 12
13 8
1 10
6 11
3 5
2 12
8 9
11 2
8 4
10 2
4 2
11 13
5 6
3 8
