15 94 364880083157295094
49566422031557753 742712981424887092 439867860547205902 469904163864477740 590929368674952701 336600739857678939 48806212982870514 152587367280356237 109570428516443581 593218060742924046 869120650063339483 8712360085375460 609616605489275374 169118106033775026 673323384292092729
9 14
1 13
13 3
8 3
15 3
10 13
4 14
13 14
4 13
8 7
1 12
12 5
2 10
3 10
11 9
5 15
3 12
1 9
7 15
12 8
15 6
5 13
15 9
7 13
15 14
6 5
13 2
14 1
10 1
14 5
15 12
4 11
10 8
14 6
5 10
7 1
11 15
5 3
5 2
7 12
10 15
12 10
13 12
2 4
9 13
7 4
1 4
8 11
12 2
6 2
1 6
14 12
11 14
4 8
7 11
1 15
12 11
4 12
10 6
10 4
6 13
9 12
5 4
5 9
3 6
13 11
15 4
9 2
5 7
7 6
7 14
12 6
14 10
6 11
4 9
5 11
3 11
3 9
14 8
10 11
8 15
14 3
8 5
9 8
1 2
13 15
7 10
7 9
11 1
8 13
3 4
9 10
9 6
2 8
