15 97 345135034383421994
4163859612725475 910930617600590628 586672335297970176 470021168806710012 427252165934674359 389506836593613171 594583339873970509 177472389251312235 653415335849147504 981440272760276042 541598634587667183 135005166559633285 471262643333094 829559895025043879 320340575937806229
9 14
7 2
12 15
10 4
5 3
4 13
8 12
3 14
11 9
9 2
10 8
5 8
1 2
4 7
3 15
6 9
4 12
8 7
7 10
12 7
15 4
12 11
6 2
10 3
12 2
3 7
13 9
14 4
2 14
14 12
9 1
9 7
10 2
14 11
3 12
8 13
4 5
13 5
14 8
4 3
15 6
10 5
8 11
2 15
11 3
2 11
4 2
6 11
15 13
9 12
15 5
11 15
1 11
14 1
1 15
12 5
4 8
7 13
6 14
15 9
15 14
12 6
10 14
11 5
5 2
14 7
15 10
8 9
1 3
9 5
8 1
13 3
8 15
1 6
3 2
13 6
1 10
11 10
8 3
5 1
15 7
4 9
6 8
10 6
9 3
13 14
12 1
14 5
7 1
13 12
13 10
13 2
8 2
6 5
6 3
4 1
7 6
