15 83 71918829046180114
294882032685557560 149805140146643082 573570451218838875 396247109198767939 872105754972643632 74815333622833379 708958093576097855 240249771870960814 422341186304872952 339065285913329055 977245367193860809 647408550175725183 704449658079415330 150531484553106536 277808098152230868
8 14
10 6
10 12
11 12
13 11
10 4
8 13
3 6
1 7
14 11
4 11
1 13
13 15
7 5
9 14
2 10
12 1
10 3
7 9
9 2
11 6
2 4
14 12
5 12
15 14
5 10
5 1
12 6
2 3
10 8
11 5
12 15
8 2
11 7
2 1
8 4
4 1
5 13
14 1
8 7
11 10
9 8
11 8
15 10
11 2
13 2
3 14
11 15
7 6
11 1
1 6
7 10
8 12
14 13
5 2
3 9
6 9
6 15
8 6
9 15
3 12
2 14
5 14
9 11
6 5
7 12
1 15
7 4
1 10
13 7
8 15
13 9
10 13
3 11
4 5
14 10
4 15
9 5
3 1
13 12
6 13
3 5
4 12
