15 89 886495380041742403
22785880197521447 653395261829571401 118409620768335885 470845163495000286 797512936959906130 965170635893199293 419658915386585842 633690860592916541 563670340405260950 629472926543341044 134519538157938623 858977572858732895 178431496380295310 329194620711412754 543018425618546353
15 4
9 13
11 2
6 11
3 8
9 12
6 9
13 15
11 5
15 10
11 14
4 1
7 15
8 11
13 11
8 13
5 4
7 11
5 7
14 9
8 10
15 6
6 2
2 9
8 4
2 5
2 12
5 14
10 7
3 2
5 13
12 4
3 14
4 9
8 14
2 8
15 5
9 7
3 9
1 13
10 12
9 11
13 12
5 6
1 3
4 3
6 10
6 12
10 14
10 9
15 14
1 8
6 3
1 14
7 12
6 8
4 11
14 6
8 9
13 6
7 2
4 6
8 5
7 3
4 14
1 6
13 10
5 10
2 4
14 7
2 14
3 11
15 2
3 13
8 7
1 11
1 9
3 10
15 3
2 13
13 7
1 10
11 10
5 3
15 8
7 1
12 8
5 1
9 15
