14 57 698787081325636232
896103438070586170 473579536741379315 123459131562443609 139618860722893475 894758996787480952 100182893984393645 195692445838245155 696487271876509116 205721970208408844 20833730330019198 265318932222854777 907200564582085963 774261631024985426 71155439854468978
4 3
11 1
12 8
2 6
5 6
11 3
12 9
1 3
1 6
8 9
11 14
6 10
12 10
9 14
13 6
5 7
4 11
8 13
2 3
5 13
11 8
7 4
1 8
4 12
10 11
11 6
8 10
3 7
8 2
3 8
11 13
13 14
13 4
7 6
7 9
6 3
6 9
11 9
11 2
8 6
12 1
7 11
14 5
13 10
14 8
6 12
2 12
1 2
8 4
9 1
1 14
3 14
10 9
6 4
14 2
4 1
10 1
