1000
1 1 1 1
5574 9917 3488 2467
776 7519 9758 5144
5347 6174 4957 7071
3126 2592 7919 9735
4008 1396 7251 4622
173 6708 7741 8851
6834 9194 3940 5037
6713 3594 7072 6861
9635 3208 3306 1400
8023 1833 3273 7618
9370 1715 2576 8266
5728 2018 996 8465
4969 4298 292 8415
1388 2917 8504 1105
8227 3901 246 7959
6557 5336 406 1963
5431 6247 4777 9270
6768 9722 9735 5094
3733 3222 3434 8494
627 9793 8478 8158
7052 1231 4462 3613
8057 879 6691 5498
3658 317 2142 9980
4750 8793 1502 4265
5915 1594 6292 4049
1216 5856 6612 1387
5065 727 6394 2816
2086 1259 5572 4975
6479 6711 6570 5453
5873 3681 4475 684
5301 9114 169 4974
1207 9539 4708 568
9107 2324 4039 406
5079 285 1628 484
4834 7732 9865 3757
5438 1423 4323 311
1978 6885 7722 9213
9844 8941 6119 2542
8121 8974 616 8012
276 8162 4038 6893
5155 8134 8340 5810
5768 3731 7190 4149
3249 5467 255 1125
6954 3966 3000 3058
8141 309 6009 4763
7606 4752 3065 5114
9651 9654 8966 7909
4364 2980 7477 9544
6488 4804 3980 2521
1561 5354 9988 8684
7248 2928 3728 3639
4664 8435 7351 4862
6794 3638 2026 7279
7698 1873 1064 1825
7436 2227 5385 9385
8998 4273 6975 1453
5748 3272 2248 4029
5772 9790 7405 7459
678 9643 2736 8869
3800 1305 7113 153
9621 6928 3607 2167
8150 961 3866 5308
9837 176 1048 7828
7631 6169 1009 1278
6874 4122 2786 6204
3961 8324 7416 8208
6734 2011 542 4385
3414 8596 9683 7309
3605 8491 7273 2732
3845 6869 801 677
297 6352 2107 3248
2934 2944 1483 4271
173 9164 5737 2716
3304 8761 9723 9254
8785 6910 5776 2073
1468 2274 1363 6864
4801 8135 6972 3886
5283 5318 2293 778
5078 2291 8122 3466
8279 8065 9716 8622
9421 7869 5371 6486
7803 5626 9928 2185
4198 8548 2718 7781
8818 6437 2306 820
6065 3076 4021 8686
9393 9344 5296 8237
4366 6612 8429 4042
1156 6391 9859 9764
5344 4886 3497 1106
7544 8766 8929 6372
6070 6094 7407 8614
8788 484 2246 3946
4392 3820 8603 6389
2871 119 1431 3345
3168 4044 2649 9573
5213 3771 88 7121
9715 577 4674 1660
3263 4566 7525 6488
8018 1348 3964 4988
6554 5953 5798 6880
4516 9122 7557 2918
1066 5350 2959 4613
457 5748 1755 4681
5259 2770 6185 7055
9461 5421 1027 62
915 2468 2688 8208
2447 641 1076 7367
2208 1825 2361 303
2493 6980 1389 3198
4364 4362 7445 4699
8296 5597 9616 9483
5037 7793 4416 1220
4248 3629 7179 288
3870 5671 5248 9211
7819 6806 1538 3159
8590 6716 165 4590
1645 6906 3252 4536
855 3180 1159 5795
4660 7287 3833 8735
1860 2516 2040 8637
3927 7911 197 218
4750 7127 7815 6021
2849 2873 3576 2803
6730 4829 8706 882
7167 6776 4615 3432
9353 8826 6747 9744
4704 8163 4570 2766
2334 768 4417 2030
6293 7580 1071 3769
9360 8517 9122 3341
3790 7838 6035 4015
5079 4810 9899 2292
2901 7887 3103 9210
8162 2276 3208 5386
1532 5817 847 2305
4608 5703 569 5707
3421 3796 3396 261
5907 5780 8078 8018
6248 3254 1742 8048
4822 4879 9716 4835
4875 4168 1508 7318
1376 7540 6238 2761
6070 741 2987 9025
3352 852 4679 4716
6278 5684 9047 7911
3359 922 1674 5263
3712 4581 9650 7076
530 1898 6485 80
3749 9096 1026 1441
5343 3590 523 7099
6128 9705 1856 6873
7763 5282 316 9115
1671 6516 7900 2143
9749 7924 7230 888
3172 4866 5184 251
4887 7709 4984 1787
8158 5074 5691 5643
5359 3709 3985 346
1743 5401 8120 36
2175 2289 4818 991
1972 819 9929 6798
5622 3107 7363 3401
6457 2035 8462 9412
902 3235 4121 4713
958 620 8636 6888
719 7829 3499 3230
9090 8184 7564 3131
9664 3094 4678 2224
2446 4408 2857 2286
3112 8248 912 1552
352 6546 2324 1263
273 1785 8268 9167
3497 4308 3995 9392
2466 8334 5088 1110
5476 3418 5882 3357
6302 8777 5941 6526
9433 303 8290 5571
7385 2771 313 4074
8381 1266 4849 5978
2933 584 1566 9360
1857 1290 9603 2837
20 2753 743 5439
1924 737 4315 9178
6558 4340 9341 764
9365 9080 5986 7215
270 2956 3541 4163
899 4249 6158 5528
2540 3565 2238 5148
9524 9102 6162 771
4009 346 2694 4129
9516 3969 2420 1119
5760 9960 3518 5040
1969 2969 4731 6317
2511 1710 8623 6515
4501 5326 8827 2791
1440 3574 2103 181
5799 8778 3423 2521
4115 215 6557 1075
600 5632 3908 928
5755 3137 2191 2451
1688 6668 149 8794
3527 3111 5631 6845
7720 598 9854 573
9567 4450 848 606
8171 310 5445 4971
9857 8979 8646 7164
3499 9605 7638 1321
8241 3854 9144 5232
4943 3793 987 8592
9791 2518 4779 2664
3387 9554 1523 8950
2788 5704 110 6309
1470 9336 2410 4576
2568 7813 8923 6303
3048 7829 8530 5047
3434 8070 4292 7316
9766 4761 8521 5533
1511 9315 1509 7630
1954 9467 2856 4060
3440 7153 2892 2472
4254 3995 6446 7225
3021 7637 5785 67
2712 2443 6070 3515
3954 246 3337 3877
2902 3736 2571 728
9900 2739 3479 6148
3868 838 1244 4516
1252 5429 5966 5342
4382 2259 656 6985
4030 4031 1220 3516
3776 5954 3725 9415
9760 6442 6103 7045
3956 5920 7629 7160
8500 3797 5837 4722
1825 9058 6999 8318
7456 7684 9770 6153
9742 7053 864 5104
5546 5716 7202 4508
6010 3684 5345 8244
2528 4141 1355 3241
4647 9692 8611 1172
523 1452 9255 5934
6860 2589 3639 6829
4729 2553 9841 9892
8904 4410 202 2477
2278 4982 3288 6925
5790 8354 4404 7903
4314 5291 2749 4950
1950 5660 4608 5916
9410 2216 9641 5459
8747 9211 7962 3550
425 8009 2672 262
1380 6975 1900 4057
357 1534 7447 1424
4718 7519 7851 3848
7318 1242 3664 9043
5438 3529 1456 9487
7516 2251 538 6068
194 1447 70 1904
6809 8537 6530 4608
8798 7883 6555 8157
3286 9744 5230 2196
5308 7775 8414 9333
6939 2246 4372 9678
3821 6838 2115 6865
3881 5446 8254 6174
6920 515 106 4732
2788 4197 377 6795
5334 6017 2509 3857
4921 6743 2876 4394
6462 8277 4867 6156
9737 7800 5748 1504
69 3884 5002 6598
5977 8499 1596 1836
4202 2782 9445 3787
7263 5846 9442 3814
3309 745 307 2245
2005 8051 3386 963
2164 6260 9895 4623
3639 615 1721 3223
7009 8119 5091 4683
2964 5212 497 2832
3760 8957 2519 3493
4401 5180 3263 967
402 7172 3889 7023
6570 8396 4785 1563
8637 6356 4243 5150
7980 8453 430 9414
7641 8720 6769 534
5519 9034 2463 3679
585 2751 5992 9433
927 4102 10 5281
5572 6770 4886 5132
5990 6557 124 588
5018 1954 9840 5237
4203 8757 3652 6365
5360 6459 9035 8
9760 6488 6579 4900
7832 475 8137 3436
2497 4961 6104 5018
9260 196 5095 2519
246 6494 9887 7434
2321 9276 4690 38
3348 8003 8229 1196
3555 4875 7460 2133
3385 2020 6912 7867
4637 8013 6667 7406
6148 7961 5550 644
8125 40 9817 1560
1519 307 9459 1663
7186 8602 7246 8258
2001 6477 5282 18
2601 3535 5385 4566
8803 4653 8426 3800
4672 2283 3475 95
4297 5869 6126 9402
9614 6434 4821 5962
8130 8813 3370 7526
274 2390 6723 5475
4086 5459 2574 8560
1459 3148 5547 9651
6703 945 1899 4378
8248 8855 6634 2166
4433 2913 8794 6483
2796 4525 8571 9830
7161 3271 1443 642
9397 5763 8771 1281
934 391 7872 1058
6407 7329 1823 4442
9486 5579 5724 1830
6754 427 961 3836
5784 5257 1775 2401
1591 767 8075 2030
8601 1267 8495 2791
8783 7780 4084 1448
5019 9575 7381 9446
1548 1741 6448 7350
2628 1560 5450 1366
9599 8080 2358 6778
8132 9732 9020 4082
6930 6690 6924 9203
8234 2022 3275 8646
6768 5039 8751 1323
5452 1522 9435 9126
4116 333 9580 6553
7740 6617 5814 2471
8286 33 3943 5746
8651 2977 7292 2291
5565 6 66 9063
3669 1547 9641 4241
3336 407 4957 3258
3525 9835 9941 7273
4352 5124 10 7955
359 6495 9511 1479
5816 9294 6217 9173
5322 3563 4372 9321
8759 7723 3420 5809
8591 4608 1921 386
2379 5352 1451 6074
4836 195 2170 3429
1853 4545 2789 2969
9248 3905 814 6078
1735 5671 1420 1958
4195 4243 3313 5466
6382 9061 5338 6938
8666 9047 7725 4087
4039 629 4439 8810
1731 1674 4320 9787
2489 284 2210 8395
888 452 8834 9259
2104 802 7558 961
2188 3992 4126 8576
6803 6857 5531 4133
2346 7225 3150 6216
7194 6272 1414 6977
8290 3742 4621 3053
7829 350 3905 1274
7095 3177 9510 6422
7607 1218 1915 8489
9019 9116 382 4994
5355 8179 252 4312
589 8657 3092 8137
9357 7845 7872 2086
4588 3457 4318 3218
4275 6851 8595 1167
1092 4284 6946 7509
571 1766 6769 2006
9637 2280 1765 7840
3024 9438 6862 8553
3897 262 4305 6133
4683 6790 9381 2712
3794 8422 6682 614
6670 3378 1284 6290
907 6821 6861 6856
3197 1020 3160 110
750 9027 70 5926
9970 6022 7865 763
7089 5392 9987 3942
1874 5839 9652 7899
4910 6126 9321 3299
7321 541 9329 7928
9701 2378 6608 6849
5341 2306 8540 7548
5713 4861 3377 260
3238 3717 1974 6209
6552 5834 4004 7274
1855 3346 7166 9975
7474 331 2221 2682
4514 3616 963 8480
3515 5034 2619 8983
3641 7111 8462 8655
3519 3022 3467 6579
8271 8571 6891 9993
2599 619 3231 5376
4757 2509 7441 3436
3333 6519 6061 2762
6259 4636 9431 7721
2807 6365 7688 5185
3257 5609 8805 1539
2590 6672 5167 4190
8880 3088 3356 7630
1063 4365 4558 8307
3461 6675 7279 3045
3692 7325 2710 9366
2280 1766 1390 7480
3602 4099 7236 1469
9389 2644 968 2303
3541 7683 6032 7260
2133 5613 897 3503
5053 5746 2557 1811
7220 2983 2011 2967
2712 9667 9322 9651
3713 343 2489 7861
6055 9229 8764 6115
6019 8907 3212 9857
5141 4132 611 8800
3972 6642 7815 2502
2487 8068 6251 6159
8268 458 7098 1334
132 7573 8798 9047
3115 6296 7702 6135
3067 3011 9266 4261
3238 7045 657 3729
4171 8916 7638 298
9021 769 140 82
8478 462 9227 9691
3463 7132 8246 1635
9446 9495 6624 6109
9949 8436 6724 3481
9555 1779 3665 765
477 9357 2787 7112
4563 860 2442 1591
5601 9502 1609 1936
2742 1818 9909 3900
4768 6022 6363 3067
7809 8320 3025 2152
4216 3178 8910 3280
4896 4042 1848 1982
2572 2790 5766 1487
9945 810 1559 5286
8008 3925 3472 9414
7016 3531 9291 8674
981 9503 6383 7220
1965 695 1526 3466
7337 1076 8258 4979
1528 5571 7271 1512
5481 6477 180 3669
7591 3620 3325 7308
4830 1266 441 8157
8166 8323 654 5724
9953 4160 8016 3841
2323 2676 9295 9427
2826 5187 5835 5162
842 2100 7365 8798
6077 6505 1482 2269
2327 3824 181 3530
2553 2251 8681 9627
6255 6666 7437 1961
8747 3900 1695 2762
1020 5571 2636 5905
3187 4665 4632 322
1314 8684 3449 430
9690 2490 6512 4997
3980 4647 9585 4150
4958 6088 6304 413
8042 7156 9410 331
5863 3680 3042 3914
1887 4835 9602 4913
4698 8365 269 8419
4348 4747 1754 6988
9429 7674 2395 8561
6252 237 634 2520
7858 8705 2893 4325
170 5008 4831 6654
8567 4707 501 7029
2296 5888 1505 3658
3146 6230 33 8138
7602 3822 8883 1665
9323 2188 6373 7520
6889 2783 5575 487
9574 9958 1084 5038
7174 9824 3706 9738
7586 94 462 2226
7995 9298 9884 1311
1121 6734 6532 8044
3952 7177 933 1621
9213 4326 9815 9987
2222 4184 1519 6789
4632 7251 5954 5843
6563 5863 6979 6985
1961 9454 700 1175
4194 8881 607 1365
3189 326 3181 461
8722 6987 4306 1439
1289 1235 7028 8128
505 4964 462 5767
9679 1209 9598 3673
409 1993 3834 9358
5177 6371 1658 9402
3841 9154 5875 5901
9533 642 8000 7360
9922 7538 7592 4809
4418 706 2532 1416
7214 8094 7294 4063
8684 5323 2411 9222
7053 9352 9784 6800
5241 7184 1761 3119
1257 8074 6557 6944
1312 4231 7686 4626
5224 1220 8136 9504
7573 2403 3839 4141
4996 3269 9816 4768
6627 7333 8581 7895
4711 2333 9077 1495
7035 4909 1046 7582
3441 1727 594 8282
9752 6116 9589 9752
5638 2354 8900 9242
6471 9061 6294 8430
8977 2234 1246 160
2980 2607 379 3285
4105 8869 9371 1071
9189 8635 33 7443
2678 8385 1011 6220
5102 3477 6648 4472
4223 9661 1301 8642
9923 5130 1146 624
1780 38 7788 1113
9232 6216 7783 4977
6148 5399 2434 8599
8483 5605 2866 3776
3767 6761 6295 3272
868 8502 6799 1997
3515 6029 643 1783
2192 5752 1318 3407
8931 1311 7582 6473
1117 7154 9223 836
6207 7524 1437 2622
3835 1841 4450 834
9375 1628 3415 7294
7513 3298 2583 2189
6881 4096 791 919
5906 8130 9218 514
95 745 6080 2598
2139 1373 6435 7159
8164 6281 2957 4458
9692 4946 8346 7073
5438 1747 5750 1523
635 838 127 4201
7961 9688 3491 1956
3102 1127 2879 3338
5841 8309 6291 4465
7786 2525 3020 783
3833 4888 2296 3721
3453 3240 5121 5078
8330 8092 9359 9018
9209 9246 3425 1857
7427 7057 9897 7474
2354 9405 6330 8093
7113 7024 1291 3675
6606 6040 4622 2749
4186 5914 7329 4223
4484 5278 9227 8004
838 8999 13 1118
9394 5562 2445 8884
7942 647 8459 7202
3551 6073 5040 8143
5770 4539 8643 7416
6360 5673 6855 9806
4297 1242 7435 4749
3145 8873 4349 7497
6562 2123 1050 7597
3423 2059 2844 5196
8136 5771 9076 6238
5112 5418 7637 4569
510 5434 601 5317
2980 18 1450 1550
3894 3118 2789 6737
6712 1204 9318 7002
804 1096 6117 5992
2780 3022 8589 8834
5602 3204 4590 963
8207 9623 9811 5507
5473 9858 1735 2952
7209 8395 3920 5198
3746 6737 9707 2568
8271 6813 2165 6615
5524 800 3095 6233
4792 7342 8081 4417
7875 5297 2097 259
3665 7021 5757 6186
8526 5945 1103 2758
8121 8981 6911 9513
3444 9843 957 5417
6440 3350 1074 4438
1611 4781 8270 7460
3762 799 2600 4281
1633 5664 8648 8356
3340 4392 3301 8655
9283 3017 758 2451
5467 859 1285 463
8208 9949 8475 6337
6490 534 2519 336
6568 9229 7564 6155
4601 6883 3501 4842
2039 3064 8890 421
3619 8866 1871 4941
2842 2638 5494 1022
7290 1361 9864 789
9216 9219 586 715
4622 7916 5493 1014
5670 1666 1035 7264
494 6673 1636 4492
4227 5808 9521 1684
9605 1071 8836 9510
2590 7403 7884 2167
9902 958 8086 1730
411 5725 7931 2325
6618 370 9849 2002
8902 9738 6506 1600
5069 7847 5696 9435
1169 7050 2585 6667
1800 9035 2932 3180
3469 2151 7061 4664
1198 4980 3042 3153
2219 2098 7433 6316
4978 1793 9817 4797
749 7577 762 5964
2432 4139 1986 2669
1618 4296 8494 8881
8908 6691 8718 7830
142 9126 2994 7207
1402 4171 6089 7481
9670 7266 4183 5864
4403 3909 4342 5919
7257 3571 7975 7465
6340 1139 9569 3663
1428 1257 6643 9650
9275 9896 932 9723
2535 4396 3808 2767
9349 7291 9531 5955
4033 9330 1193 5361
946 7670 9458 4712
6971 9152 6655 2455
232 5017 830 6023
2710 2503 7891 1124
3476 747 6625 8495
4325 7734 9500 6383
3362 5510 7702 9727
6892 2857 7399 9169
7484 2915 9792 7195
4163 5723 4175 5581
7097 1469 4900 3291
9099 7520 6143 5439
8646 6098 3313 1401
5159 7160 177 5881
137 6838 6656 852
9577 4343 3157 978
5787 2884 6894 1053
3315 586 710 2807
7005 680 695 8481
9631 7181 5095 6195
6414 2186 5833 9250
7216 7699 643 7660
1335 7487 5964 9580
8531 873 4266 8787
7265 3133 1061 9587
1019 9248 2753 4940
8838 6243 855 8041
4048 9353 4042 9349
2160 3413 395 8716
9615 6613 6524 3032
384 5323 244 5516
6082 1030 9068 7375
55 1559 5576 802
4241 4084 5363 9330
7343 8004 8455 7999
241 8893 6675 67
9471 310 6007 8626
9756 4005 3359 5194
7326 4309 3384 9081
9830 8390 193 8568
826 22 7733 5214
6470 6015 4968 377
5000 3453 8166 2350
1709 7993 2457 6285
1716 5794 1705 6562
6273 5527 9718 2904
4285 5644 943 4717
3628 8681 7718 3594
3465 2722 8609 4274
2038 6463 8833 1937
5332 6566 5168 6836
8515 1982 1832 9782
3207 3519 3752 8922
2848 100 5779 4761
7256 1641 5934 3712
8379 5076 6498 167
7554 5174 4737 7442
5696 3389 3902 4049
3337 7838 2603 9873
1856 2336 2591 1843
2743 6579 4881 3558
1355 271 3715 993
1122 8771 4602 137
8542 5746 9142 8126
2911 8581 9747 3103
81 7909 5612 3153
3358 9054 2020 2000
1935 5983 8208 6953
2514 904 3747 7525
585 435 2306 2958
4549 2618 8209 7646
7645 8006 7505 232
5682 5983 8636 7620
7223 8669 7971 1936
2729 4575 5623 9499
6161 1108 3448 5029
6700 7289 1386 9301
9765 4651 6235 3706
6229 3008 9197 5894
6554 4529 6830 332
1952 9719 8210 3478
1132 8127 4331 3524
542 9199 6104 1731
3656 8581 8953 7097
9607 5459 3364 561
6887 8094 1246 6618
6304 3477 6990 2651
9877 1568 2775 4145
5664 9623 4283 5480
6420 529 5923 2470
9314 4720 3139 3567
6089 9610 1220 5679
7349 4046 4234 4936
3042 6762 4025 4829
5338 6589 5161 3206
3039 8926 7952 3773
3226 6273 9084 8707
5560 5248 6359 496
9595 8786 5297 9322
3127 2498 2124 8830
3733 9857 5728 2690
5473 1097 5673 6000
903 7237 7617 5849
9694 8371 235 2947
6716 7082 4438 9054
5606 7300 3800 8755
6875 1553 398 5409
9171 332 3474 6603
2478 5529 4189 5888
1861 7592 8249 9832
5326 6876 5999 10
2373 3417 1119 8531
4634 4409 7666 9372
5610 5553 1931 4037
8565 4803 3189 1032
1222 6363 2320 2696
6570 9243 9506 8759
6081 4423 255 1711
8295 431 4269 6320
2520 995 9785 4552
222 8436 6625 7757
9495 3877 7360 5741
8703 8941 409 7771
4364 2 1140 3896
3119 1381 8630 5056
5166 3783 1624 1348
7835 9359 9984 5458
4175 2800 1 949
5533 8203 1886 7196
4124 1448 2403 6058
6515 5039 8770 8443
9124 1926 1376 4246
653 857 6866 6217
2065 6694 1672 1734
2768 7008 1343 7359
3684 9399 9882 1847
3317 5929 9588 3384
7207 3659 1971 4787
2738 5340 4646 1381
1231 5990 9309 803
7717 3179 6775 6550
9150 1612 4291 4287
1151 4949 3808 2177
7262 8122 3874 9331
2434 9729 8992 3726
3357 6896 9671 1641
1844 665 9947 2095
9494 1569 4861 8736
835 2943 3156 851
9562 7281 1622 2062
7618 7865 5505 2626
5494 9743 4295 2354
9911 8730 150 8023
3442 9089 4038 5118
6664 2038 906 6449
4156 9754 1257 2986
4632 5354 387 4725
1070 8096 2904 5715
7303 958 8986 3603
7139 6429 1768 6780
2147 570 5626 3964
1300 1930 2789 7262
8053 2020 7426 8048
8825 222 291 7207
1118 2121 8895 2572
4161 3412 1607 7711
537 8212 7457 9519
1408 3087 4475 707
4930 6182 4186 1366
8731 5922 4615 1186
7862 9925 1485 2325
5671 4184 5146 8360
8579 425 9978 3946
521 9692 5617 5213
2206 8496 9362 3694
9937 3001 919 3722
6647 3549 3621 8753
1161 806 9084 4501
8937 9556 4920 4426
7902 5918 7867 458
3417 392 6088 709
9360 6828 2567 2610
6908 8032 5627 5639
9504 9724 3182 5191
6164 7513 624 5679
5106 1028 4499 2389
6448 456 1938 9434
4141 5709 1640 1199
794 3054 1189 2050
6876 8571 7973 1175
670 7746 1225 6189
2699 6361 3892 8405
3218 7391 2507 5063
1784 6668 2757 3567
7554 8126 9894 2444
5611 906 5724 9230
210 5514 1133 1530
3563 768 4668 9445
1347 7141 9699 5825
6825 7744 9360 8080
9597 7682 6968 4456
6945 7660 7017 2624
2177 5784 4199 5919
1866 7977 4431 3043
2134 1399 8715 265
4001 2609 2575 9604
5877 7751 729 4849
636 814 8667 8798
6368 9249 3277 8297
4702 1002 3342 6000
3271 4859 4731 7994
2829 452 4168 7197
1548 3402 9598 3527
866 6510 1697 2361
8533 5500 2114 9240
4517 1622 7268 3848
6197 502 9506 7854
3517 6002 1856 21
3921 9501 2279 9062
2647 9240 635 85
3025 1565 6650 325
5527 6294 5370 4760
1079 3130 9582 1966
675 3007 5543 4930
4845 5526 2949 7043
7555 9319 2410 5595
3825 2347 2543 3392
2394 2215 8561 1386
579 9197 1467 7199
2331 5496 7420 418
8468 366 5190 7190
7162 9654 8901 8248
7876 7603 9828 899
9167 1532 3268 8797
2044 4471 8044 978
9873 6306 226 1267
3892 9218 1670 9141
8347 3181 2805 1295
1006 8486 2081 8885
6896 750 9475 3323
5421 7692 3445 6157
3043 6244 7837 4606
7554 8946 1070 1157
2440 473 8206 8643
1674 2462 1299 319
6069 4632 8946 7918
8914 9191 2498 2189
527 8530 7833 542
779 3051 4116 847
5699 1670 8797 2790
9390 4059 4287 679
1009 790 5832 1555
1543 5491 6612 3743
5637 960 7987 4206
2446 660 3464 8860
3703 7953 318 6213
3109 9710 1003 4677
7925 607 7517 9451
8488 5975 6270 1661
3262 3740 6384 5928
9872 901 1738 1008
1763 6028 6110 1630
2908 9651 6451 6633
8535 4261 7379 9197
5216 3983 634 1173
7225 9253 36 7281
4813 6779 2449 9002
1180 5829 1950 5671
7441 9038 1232 870
1829 307 7150 8732
9026 6918 9463 395
4716 3443 8225 5532
8208 5213 3347 7274
6511 8222 6880 935
6261 5129 3346 1962
2466 3433 9757 3819
2108 7783 902 8934
5353 372 3664 3695
2339 6199 4063 6877
2596 3644 3731 8325
471 7472 1303 5007
693 4220 6649 9543
3009 8420 6743 5331
9910 311 3996 2363
8486 8245 3105 9016
6520 3146 6027 9931
8288 9261 8061 1407
4460 1884 8530 6149
2154 8384 8571 7551
9437 5394 7370 3460
4542 662 4981 350
80 210 9566 6838
9260 3577 3785 8591
1399 421 4912 6877
2508 7492 5428 7438
9339 326 8874 5439
6006 6605 4138 4996
8786 9100 8655 2917
6397 3443 3425 7906
7311 5249 4830 1490
9181 3713 4410 9191
1344 3071 8866 9348
7484 9246 5066 7425
3228 4420 4651 8929
9275 2743 3682 5066
7280 1221 6098 1118
6713 8246 9981 2633
5738 5334 2083 7121
6909 3546 7102 9157
807 8696 1442 6561
6308 7495 9941 7730
2607 3444 5755 6319
2274 1813 3791 8808
9099 5449 2141 3035
9376 3679 2126 6518
8425 2571 2813 1176
4356 431 3153 9031
6639 5584 6693 833
5898 9286 5772 3772
9899 8107 4252 5021
6347 46 8437 5236
5847 7713 4400 3028
9943 5788 1446 7878
8794 6667 924 4424
3424 5939 4327 4885
8145 1550 2046 655
9102 5917 4223 681
6298 7944 5974 5126
8603 3627 5017 5966
4216 6919 6342 2481
7717 3383 2333 2945
3856 511 1259 6711
9830 2215 9967 6289
1437 5813 2058 3285
9990 4146 6115 913
184 2081 8951 7750
2679 5791 504 6946
