1
19436538
7571432
26505079
20526048
10122396
1339193
26925960
25416768
10605648
5999409
4417840
2009928
1255016
11793836
959646
2166416
25943887
65879712
11064348
5315079
5492722
5881389
679014
7134500
10029448
8035328
4648438
7015148
42560551
16472475
895869
5672900
9386636
463980
47677742
6151629
15274116
54709979
5002536
1114488
42987545
26825890
828495
11898000
1856781
14564880
86521215
22281460
19119920
15589707
10915584
34280400
7370588
1992872
11992395
29804175
7355456
42741660
1855008
9282465
24989296
3715226
184448
6224521
11483892
29374776
1089962
33054348
26211955
3076000
625779
4351122
992155
32121488
39912160
2000884
33467771
12103353
18607502
78359540
42264399
55854928
11410164
14843722
12368596
49485824
36792282
11395848
17086342
67352832
44960490
1087064
32863460
170289
8392032
331848
2696898
24550812
5343472
34515494
34118380
3154294
802035
17132450
5567367
2459520
689716
4308825
3462777
32475090
53820752
22228281
26052591
20309760
10467628
1108140
5349540
990945
17861780
3794400
773619
37116500
10185175
42041274
31271240
59549022
21492576
3392256
6739803
77692074
22868860
47614190
9001803
7301408
1297604
2621952
11576664
46690840
5668468
46840908
6285344
8580736
2213367
3986508
51423148
1543428
35817088
3394650
3846474
1877570
11373568
1669112
13195887
57290520
16380208
24347034
28876134
14780365
13771443
10470450
8131851
22876841
17220170
3717142
5354320
2515062
61903776
14473732
6985776
2838144
817696
2257164
13970515
12537144
20104676
37440182
2511870
867323
6138834
914544
12387870
14860
3180155
40539940
54352880
956070
5535143
5684520
56086524
932124
9604980
20263680
9315339
14745330
39716824
3012480
19844178
1409755
2342400
6873167
251512
17518041
5892692
3773600
1687950
77632434
26707867
35240976
3743691
12033522
5158401
306680
3542700
22911696
25996392
14738728
40568481
2280099
5580624
9945040
25751770
17219700
14829010
820902
7452336
9528981
1042472
7468180
1481904
4916600
14065600
39315526
30176368
22163089
12773175
72837664
6093792
39936746
19690980
3425440
39982788
4839842
9421371
25124073
890820
7490064
25499160
11859186
8985600
21364456
69626120
1131350
2622000
2656794
37031582
4550688
5138224
1211038
13580
44455961
51673065
17179208
44661512
9819512
8081415
32029893
54590
1051076
13383006
14152796
31450554
44834400
345138
9539292
26275990
55197932
228715
6782915
21408452
1058415
35675810
1473108
9471440
14347260
1563378
31417740
26968508
3431400
51630237
13593297
3505320
9270
27224792
742760
19227360
15349356
43051520
42684552
3865075
15239191
998620
2431956
10606970
27530604
26509635
13962240
30914879
34072216
392680
2903913
52069756
10013004
14003784
39206178
7933425
26323422
31018314
27398100
1841828
10517364
8093073
1794555
54692488
25616922
23964516
4720053
50547273
3077952
11679961
31934196
410347
9331175
6193525
10763165
31773520
37045239
9981504
8502000
19052640
73334376
46321560
6622050
44096289
14360070
3190140
38471238
130119
21708284
396
14914627
2017499
35038500
43520
3412295
36158072
15577436
26412660
8851968
3451929
423150
5168017
3178670
2463700
13898035
34067116
66936184
2792131
7231680
627640
3992968
6061516
9027688
37620590
7389900
8868608
17291782
1366750
30213270
2332470
3445258
1349460
1821188
61755840
14927326
36713700
7585032
3863386
4024200
20750688
1127910
43917174
25313568
4337352
6222020
3223200
52500
47363030
53849904
18085974
45756290
5046989
15713824
19693240
16415597
6391812
23359336
13292930
735151
3482208
9205785
30810142
10477274
56995461
1999989
18669469
20194647
43722116
21577409
28661600
13379940
10363328
4845154
25185697
10005320
2454740
26049664
2559392
21359312
1913301
12915468
5998813
25281264
853727
53059965
19333028
2524652
31029264
15543750
3250884
1161336
23988615
27899926
2127366
31753823
107660
4262874
28538583
62560858
56723664
6520035
1329399
2100120
9012009
18014562
30329248
23614416
28315980
7469616
14822436
1262790
13627600
32806521
6261723
1060570
8885608
11103976
986580
12036500
558306
5340564
33346560
21592285
16486884
6201330
9006114
421187
19540931
46499670
6610500
2688720
14717566
4521474
16214880
38140340
31180862
67337960
11194560
18117087
1263762
7626392
18379230
150258
22733194
821270
2358207
3455480
103818
33950826
13944124
15515225
10378216
26586844
43428
78966615
7322372
3687216
42459690
3375218
27574296
40917877
1372700
2545758
1037006
30086022
8679580
233310
11603982
1568106
8583466
22565875
5136000
57228496
1787592
52611702
12833753
68999499
9229401
8242149
10082720
9925920
9225117
32088504
56859660
21176641
5134814
1025838
58646324
20950600
40728474
2783564
988053
38435115
284955
2707458
23115096
5494123
5878980
295944
48379128
13141166
16063930
23709498
5898928
2260145
2889056
9940002
10289804
8919459
8192450
5559620
8518734
3239936
54341106
577410
8835255
18572917
41279316
10045250
80645
27783890
3244633
36739890
7625500
8800568
16592040
75733028
31531616
69843129
14900820
9067984
27916880
30675008
41369384
10894
13599090
5472973
17897040
39230577
38888415
9234270
13677605
2229150
5855796
52377596
39035232
306510
26100
8696102
11218872
4917264
23877420
14706360
80510670
9495655
28259280
36351184
14750145
2476000
38719360
11107809
21099405
6557335
56124231
3295908
3597900
13321359
2077400
14120551
11025340
2286886
1103815
69554592
1345146
49673784
16108101
18083891
6771149
14493172
13424904
5400576
25365536
1724310
808184
40224132
9463356
20411790
7746388
3258408
3644130
57880804
28873024
3021865
5277600
15188211
3644316
15594434
17601881
570738
4829952
13743292
58332138
425148
8536778
30393678
16972878
28478725
10899091
8350251
8644300
9650745
69490521
4811369
8945376
46378063
192560
19751173
4948875
41083175
25894124
21138943
28543680
17380525
7198100
46195360
20202674
913143
910913
13710851
19882296
416060
472600
36587195
12750938
4639888
7961940
3724218
3324113
2805307
5337765
16362016
853200
43143212
93696
9340040
306350
21902492
62077722
1585057
1862170
13452795
14581656
1619270
170126
29882520
28197198
4199013
2925780
53711386
4040755
27993648
23433698
17993502
27555776
3631024
12032664
577900
9737694
32983848
24509238
13223878
8686211
4807040
13385840
1006765
5126418
52529932
28364784
454491
6779802
15880545
3387288
1003110
21491162
57131085
49064070
57545641
15345167
3820384
9286200
28998985
27664576
30933070
16022016
4901560
3306742
32728512
18364076
8581202
24304230
4351200
24258912
3133267
14816080
7428580
17130764
12244050
27544080
24160050
29301758
33372032
46539442
5305752
21375158
6223281
6877248
1967185
29805608
21302800
618094
1153368
10380342
15351389
29048004
2655387
33799394
10722843
15316767
2835040
62447850
1127865
1839939
9736075
1470750
28534720
3559527
2280
11918030
6143592
78216805
2800
10435238
3479544
44192030
2650176
4482845
3452680
3717424
36386868
31796762
7211889
12712534
11445838
21537725
6917092
4381857
28132988
21881660
32448762
6614755
7626909
2632755
11809782
41921854
23591236
1309500
13898796
1846428
5224092
1792584
3107280
8608588
11366472
3206820
3625700
15000520
64602
9941256
5483084
4004409
6292352
20622190
27330030
11675070
21530864
4240650
2925936
20648160
2757919
12850929
7321704
43961103
46556906
2386496
17527476
38871316
30241728
3846336
4624972
883728
6787099
944066
54781092
820750
10504508
8067526
4918488
74709060
5185944
237930
3585024
13063206
63875175
53528176
48719175
9141223
8266380
12192285
6718175
4284333
5512212
20867936
3348684
15475101
1883936
14854608
1469602
11627000
11788696
4772012
6232124
8935959
1662316
10407250
29674463
10334662
3740850
14287905
18207550
5968421
18962615
849393
17256393
1899540
63741800
74722284
5006576
16425584
1425156
6499640
8922705
2093486
7106250
18675345
23844948
8082780
3881438
2167830
41437872
22258258
4120613
3203248
14690990
17400933
4607280
10200773
7667520
2286240
1177554
3118327
4562819
37463250
20821346
1565938
10766641
18759508
31441919
2525222
260100
11787037
2301000
9159871
2195050
65465034
28318675
17447911
44750103
17161634
24055830
1901416
1363008
9503357
9685676
613713
4607757
20286678
1242756
25600725
18960942
66768128
16070520
18459780
39753780
3297422
765200
13538945
2067952
13613424
2892924
24852828
76025258
11792275
25352670
16374330
11915904
37913944
15013428
10099726
7445658
66982314
11110722
25183692
1163694
62701520
15003285
6873083
11666309
7821554
7232223
1358943
37373712
34037358
34470964
388102
25720953
8369448
6160308
14815648
3171300
24987491
37617954
18196659
26729440
7892539
643349
22076905
2957346
25352790
1646800
1350216
