1
3000
0 498118331
0 986394202
0 477848108
0 568277724
0 73995224
0 700261335
0 872567603
0 864066152
0 155096998
0 648712530
0 892976578
0 293716603
0 335385212
0 924943030
0 146063077
0 744961864
0 133076737
0 710222742
0 362126452
0 890865619
0 850445662
0 107444542
0 689597928
0 59724269
0 151741577
0 920631903
0 32641235
0 635731264
0 841747425
0 338016564
0 590777068
0 661400095
0 503145459
0 827573184
0 627395799
0 710392807
0 878767654
0 113592377
0 580039196
0 116543505
0 323280569
0 367107177
0 246014060
0 750478272
0 95525903
0 44509645
0 951721880
0 967377595
0 989988808
0 636635787
0 563410283
0 235597763
0 385556430
0 380205898
0 976883810
0 334357110
0 739808604
0 638331396
0 42708247
0 278636798
0 841322732
0 395791459
0 495233511
0 122760095
0 643287728
0 982549781
0 643302730
0 592478901
0 818192929
0 535969250
0 451067519
0 648292351
0 226993875
0 326910935
0 986440078
0 763214918
0 696253592
0 769713692
0 228292139
0 422672676
0 451663588
0 633287084
0 990302788
0 910788900
0 141450006
0 256560081
0 793488523
0 454200527
0 350852015
0 398519837
0 100643086
0 846809306
0 423786977
0 89220118
0 209579450
0 763721851
0 545410573
0 461130238
0 260066733
0 219626498
0 87912943
0 208750551
0 896708904
0 361582640
0 143611923
0 602074716
0 331402599
0 835369546
0 309278107
0 356542910
0 789998807
0 540725929
0 503683308
0 812888328
0 239271766
0 392697323
0 211727288
0 283192433
0 608560196
0 294334275
0 829375048
0 939066189
0 313864041
0 527031434
0 740812795
0 73404415
0 658369100
0 776493196
0 582985467
0 616196790
0 87466844
0 423172466
0 696870563
0 138897161
0 482377144
0 502749312
0 608631403
0 462127225
0 435586343
0 228147513
0 505200440
0 963909407
0 206282282
0 379250394
0 437223567
0 48683865
0 431121666
0 780156996
0 589270210
0 607385641
0 845271188
0 205683416
0 772292324
0 159621903
0 988764949
0 167637370
0 141310952
0 682961773
0 958141906
0 987984067
0 46860333
0 941903265
0 735480845
0 271207439
0 487809008
0 689493696
0 642041528
0 587416675
0 795857898
0 800708969
0 775761334
0 137281399
0 246001147
0 859007827
0 734119842
0 545468488
0 324660898
0 314492984
0 81702079
0 977862732
0 713373805
0 65763881
0 962612861
0 353003287
0 943154773
0 490559037
0 80340096
0 308433380
0 94793377
0 318771726
0 825781948
0 540870572
0 331264189
0 171928979
0 280372445
0 119044548
0 604008516
0 243636156
0 171101235
0 374263769
0 780870226
0 12579545
0 796700836
0 77955061
0 753594135
0 416359944
0 236615486
0 516006950
0 931925698
0 669909428
0 613917298
0 887590966
0 932022042
0 442678023
0 641264506
0 45782806
0 400768174
0 273895228
0 43286600
0 325051302
0 404697193
0 790697348
0 246924939
0 609449060
0 417766727
0 99613695
0 906744511
0 127622375
0 344357227
0 109044900
0 812436376
0 311393980
0 207257723
0 432686813
0 753540730
0 274408433
0 185638562
0 282249344
0 33454397
0 234897796
0 779800684
0 614276143
0 889504200
0 888139656
0 808790531
0 87603178
0 35833647
0 422105442
0 22904126
0 346390382
0 548135198
0 939500335
0 13092142
0 618050546
0 572754732
0 766556434
0 329927667
0 88774589
0 828964893
0 131424431
0 217234372
0 725644201
0 654476293
0 387727958
0 876588038
0 403402171
0 618182096
0 742378428
0 490276285
0 671425652
0 358508359
0 464190504
0 664630099
0 758569219
0 862334930
0 195757943
0 620485541
0 899431398
0 793854785
0 516944911
0 615445215
0 341196264
0 64504654
0 940900223
0 647694775
0 545991892
0 386926245
0 410205527
0 196620791
0 488669377
0 482560184
0 205681949
0 772992916
0 54362571
0 261317637
0 302765292
0 357760313
0 621877390
0 241098984
0 578944799
0 574892869
0 689812313
0 789150043
0 900775534
0 14710082
0 38521568
0 192691381
0 528563746
0 967586361
0 537308503
0 612006938
0 346892678
0 525070015
0 737591367
0 718887461
0 311599593
0 386290989
0 430170781
0 688627869
0 39842541
0 333277539
0 358670238
0 435058416
0 667675671
0 951689202
0 739105158
0 206959497
0 991220504
0 887046035
0 643661071
0 755871759
0 782269082
0 533870157
0 840774155
0 286473120
0 74543553
0 776314725
0 315296042
0 26256498
0 205268779
0 284241028
0 3374962
0 997443458
0 754057982
0 580600128
0 386186271
0 842867949
0 808304299
0 75485238
0 54761744
0 108539660
0 977487108
0 358646551
0 25355552
0 491682354
0 362632971
0 431368975
0 375594288
0 277055621
0 368895296
0 268517190
0 454553178
0 67507893
0 300833102
0 372275944
0 164450089
0 374981064
0 882970279
0 328920667
0 375650271
0 359920006
0 807552504
0 581382346
0 64013348
0 763631576
0 244542914
0 334282714
0 526805372
0 967789571
0 198742744
0 218639143
0 770413785
0 578957435
0 480003409
0 114431592
0 332213851
0 246263800
0 308142147
0 148031195
0 160077791
0 664997574
0 248978896
0 849436255
0 616316859
0 706001136
0 733826883
0 214940912
0 293149918
0 832860656
0 718402736
0 932592233
0 875742880
0 617112393
0 199364876
0 319193746
0 131259847
0 691847324
0 311391584
0 329260009
0 365326104
0 200091456
0 633019927
0 243722773
0 859241884
0 361159178
0 713318998
0 928772020
0 687450780
0 78242842
0 833188703
0 504541443
0 956035872
0 454950743
0 979304595
0 597076359
0 870149797
0 738062709
0 240275294
0 317347862
0 831618894
0 340271280
0 924698567
0 545780156
0 229580251
0 284121046
0 901530320
0 936254466
0 922004078
0 448366298
0 928631562
0 429858990
0 981061837
0 404175647
0 410492472
0 76833857
0 326345579
0 747166923
0 429201406
0 653365319
0 143707953
0 834072669
0 834508609
0 438777864
0 553152950
0 183575435
0 449441478
0 515508227
0 846777899
0 855564787
0 955167713
0 947390745
0 156625067
0 167931932
0 962120638
0 203312886
0 748828696
0 415905799
0 162422711
0 623598962
0 170535398
0 266563751
0 670410846
0 38615830
0 537044831
0 220322106
0 164680151
0 471959535
0 412082617
0 937188453
0 940752145
0 771508313
0 857478812
0 566184532
0 493424928
0 117285432
0 508987806
0 111443422
0 197286559
0 14667712
0 36474631
0 798251253
0 70763974
0 931756932
0 849213149
0 112077073
0 450388921
0 879247916
0 770206483
0 743231503
0 588711784
0 396518720
0 609379176
0 603365537
0 115185032
0 386908541
0 802445545
0 69581332
0 707995492
0 971284564
0 230768442
0 435322132
0 160457683
0 779535388
0 826479295
0 287739093
0 875377777
0 231294898
0 105989085
0 856452997
0 109042282
0 210564013
0 472371485
0 886296389
0 764747493
0 645212924
0 77814646
0 24451832
0 528566391
0 904172722
0 921567180
0 352844850
0 210819723
0 833462295
0 189066390
0 586364132
0 862028316
0 817000883
0 189107811
0 563334699
0 105128854
0 484795845
0 544010407
0 61116979
0 732059660
0 788184021
0 141159161
0 554950406
0 639510863
0 342017127
0 800361570
0 394512199
0 7557487
0 913713528
0 568352531
0 84329161
0 772827035
0 505364530
0 540208058
0 588519739
0 238152287
0 991934614
0 81787891
0 329788825
0 674069677
0 706995549
0 428547460
0 602882153
0 698892363
0 873776797
0 911080589
0 325610287
0 832299260
0 753270095
0 550915379
0 959312528
0 21492551
0 55466850
0 665712158
0 146975066
0 368091326
0 792044458
0 831286640
0 989532763
0 659560774
0 978247417
0 874430055
0 386176835
0 196779223
0 854098364
0 758506041
0 36443452
0 410563642
0 702655284
0 270360376
0 835751835
0 359281949
0 122825962
0 874053427
0 411885227
0 781462503
0 239310077
0 709028369
0 254714798
0 544048298
0 442630277
0 723977552
0 72908341
0 408083208
0 811735591
0 344575685
0 489916190
0 53366270
0 270553340
0 734751059
0 364213897
0 580841283
0 335766258
0 554644521
0 809280838
0 847658902
0 224864209
0 653661130
0 490252735
0 650462182
0 651247011
0 240993953
0 7171217
0 636847455
0 524825397
0 138084335
0 895347281
0 281421827
0 513037612
0 550112208
0 459373242
0 720325567
0 876219642
0 442309730
0 414321961
0 176533688
0 388645077
0 227861196
0 369303977
0 497036737
0 247242119
0 85712728
0 56713754
0 301348487
0 814862969
0 900014450
0 373405814
0 252559879
0 368226996
0 169289500
0 164411865
0 29480227
0 151490479
0 966165956
0 884185288
0 687516983
0 166281500
0 583687870
0 673763332
0 108634823
0 873035812
0 660633677
0 973124753
0 466702199
0 753018859
0 687055118
0 711727489
0 238415951
0 911949457
0 531147773
0 862495387
0 629430220
0 745920234
0 276905449
0 122388442
0 125996617
0 582634086
0 156670330
0 438414832
0 426449778
0 79707579
0 423891449
0 198550903
0 861353532
0 598389824
0 155079689
0 821932709
0 695859161
0 269881190
0 67775524
0 627466694
0 209133359
0 867032254
0 214168184
0 812170410
0 663737443
0 20739042
0 944440660
0 654578439
0 370416159
0 235236484
0 87261172
0 303876160
0 661361260
0 261998295
0 458701451
0 699319589
0 253619507
0 185914722
0 19796992
0 28564028
0 18389598
0 81049433
0 608490005
0 250521481
0 172053843
0 972858870
0 465968458
0 525911919
0 403865101
0 728004409
0 788957659
0 641826220
0 718180661
0 384804390
0 98189036
0 238009073
0 255291579
0 195816281
0 783875051
0 802972791
0 735519433
0 97399978
0 680932250
0 595942670
0 142580528
0 598019927
0 14382811
0 412517798
0 210788885
0 970738725
0 634798493
0 39599826
0 669504753
0 780646700
0 65654797
0 916053492
0 270312367
0 417518923
0 971817628
0 878260996
0 964591296
0 924479070
0 961235992
0 746173410
0 273590121
0 740647362
0 712778421
0 409314315
0 94495136
0 334630265
0 988038812
0 502054180
0 508457728
0 469449972
0 686720904
0 760345249
0 501505302
0 641903526
0 352123688
0 845760686
0 487480086
0 120984054
0 109630879
0 894462307
0 76957131
0 521738069
0 180264927
0 547579301
0 267994019
0 621979200
0 821898032
0 379771105
0 553965780
0 533637331
0 178458035
0 473824962
0 259098764
0 200280531
0 970386774
0 56083926
0 304063971
0 397876850
0 642416075
0 271100897
0 96686476
0 304486647
0 231668611
0 838217469
0 765897324
0 143424989
0 409253817
0 555739429
0 223087612
0 716092197
0 187588269
0 558550335
0 97171500
0 778754473
0 798338301
0 493755096
0 845086896
0 735481367
0 500418831
0 187779801
0 263235545
0 150327221
0 866256554
0 76675718
0 296822487
0 603466635
0 412563479
0 62876800
0 788793082
0 923389961
0 557122427
0 72877379
0 307252257
0 68014528
0 541777677
0 475019570
0 250151581
0 582190817
0 222204359
0 499582338
0 415428864
0 487702968
0 478466215
0 542648633
0 214133338
0 401570346
0 649493779
0 945588632
0 165374601
0 814440027
0 652040481
0 11389741
0 87548894
0 70059128
0 258650893
0 511749104
0 142994097
0 124129917
0 986593414
0 10449744
0 278402595
0 187350618
0 71868981
0 599836008
0 496730906
0 909472749
0 302338708
0 527208264
0 74417897
0 161419444
0 181976312
0 646743860
0 132746600
0 310031540
0 858454360
0 828771535
0 686427407
0 733560827
0 543351687
0 61579810
0 798873654
0 653209613
0 350400692
0 541498438
0 635385389
0 183326568
0 322112380
0 471471697
0 627173945
0 898973710
0 887959190
0 154214448
0 291347281
0 106129734
0 536343506
0 382758460
0 585180557
0 167068564
0 366672552
0 188532561
0 460533643
0 418126621
0 568623056
0 20296169
0 515546198
0 35185417
0 162395608
0 472052049
0 271096758
0 254971513
0 926076784
0 734819918
0 672919713
0 433031717
0 667899794
0 869488337
0 253058038
0 873981858
0 153515218
0 777467642
0 146211802
0 729487570
0 101793899
0 106279611
0 513569
0 610044706
0 752162232
0 487385847
0 467315273
0 185763509
0 492802982
0 154924893
0 84024904
0 400058416
0 665539347
0 57668287
0 179740301
0 901746560
0 263410900
0 451676779
0 131850329
0 726033719
0 720989304
0 955539746
0 999028262
0 175629345
0 142199058
0 850851865
0 351482738
0 805332179
0 777390266
0 642171284
0 874347919
0 300227647
0 977522013
0 50707614
0 143424034
0 764859985
0 603933690
0 603736528
0 21454824
0 689783439
0 917097522
0 817890804
0 428774661
0 28191384
0 809105135
0 868665585
0 999796794
0 838630765
0 472321909
0 887558166
0 374103545
0 347529377
0 552846095
0 538965126
0 264706838
0 312611690
0 376545180
0 587618496
0 650555825
0 970174738
0 451666967
0 413148311
0 768060929
0 586879649
0 882648153
0 25328839
0 181197131
0 408684015
0 184120716
0 302627497
0 988794269
0 743330465
0 743232261
0 896791404
0 135678462
0 516294172
0 475356408
0 319501484
0 435668843
0 356008989
0 640607539
0 481041482
0 559762376
0 258408556
0 734276918
0 626591653
0 925100060
0 129906243
0 724107941
0 770748927
0 194454860
0 536035302
0 785681848
0 240385011
0 724578714
0 172654860
0 667663660
0 917527288
0 433928938
0 134621763
0 454603422
0 533849621
0 918638391
0 149420619
0 511279113
0 944732748
0 334607415
0 968668376
0 389976439
0 919414862
0 286149560
0 520820737
0 987310956
0 191048787
0 105800383
0 574893473
0 940969390
0 884256970
0 319381324
0 640180145
0 224924177
0 996230304
0 616701210
0 802241691
0 932546339
0 870714626
0 852001811
0 136883267
0 389812329
0 632302408
0 735992844
0 653023855
0 222777576
0 350191243
0 900300297
0 9567982
0 848473398
0 998309258
0 662732476
0 310742903
0 611363655
0 7163063
0 222072308
0 642790425
0 669710369
0 131857207
0 737855017
0 347754276
0 965406340
0 183562574
0 673683359
0 53815743
0 704203095
0 909018592
0 760030422
0 307588673
0 930969807
0 167818269
0 688885802
0 701723540
0 582813808
0 685304342
0 246996923
0 911645155
0 42705754
0 465060021
0 392110692
0 290308285
0 632880648
0 846345336
0 797714918
0 615882870
0 440331929
0 886059083
0 125471658
0 449659766
0 705013672
0 314721760
0 535313859
0 700692336
0 947116580
0 183775782
0 25830089
0 853816093
0 584116977
0 52767920
0 538854676
0 213498336
0 259784078
0 100916148
0 175362074
0 128912847
0 494523656
0 859429025
0 122000152
0 19813292
0 574374615
0 615039755
0 450341322
0 407608916
0 276973734
0 353321447
0 765155509
0 247953401
0 249805077
0 204601891
0 472310285
0 791656528
0 91747586
0 848024767
0 590871004
0 819158887
0 770880553
0 447983191
0 24366206
0 918015838
0 803607324
0 526931364
0 605733133
0 699842014
0 52983368
0 160086079
0 279518262
0 185324499
0 458959923
0 336206274
0 606296861
0 340963655
0 745839513
0 424058457
0 492137366
0 639742742
0 964114952
0 479233482
0 822942540
0 164398022
0 952396380
0 851003641
0 26566826
0 153408467
0 922532662
0 11912083
0 263315780
0 658205195
0 98348384
0 815787845
0 433214611
0 425423336
0 589776586
0 267666091
0 359609546
0 443432520
0 281804446
0 74152855
0 935507284
0 954064866
0 791590606
0 923294746
0 692203113
0 520811583
0 541141027
0 109304304
0 992901998
0 682531802
0 647663624
0 530259313
0 216711612
0 266853117
0 883490346
0 903269233
0 743545591
0 944095755
0 305001033
0 193947272
0 796706355
0 534632541
0 988462047
0 414934416
0 42565986
0 180346042
0 122025907
0 859213817
0 289649856
0 295054435
0 152971778
0 345149802
0 838029546
0 711756017
0 977923782
0 470633689
0 809886198
0 443680502
0 870412385
0 794294730
0 318372614
0 164123211
0 428863803
0 842066185
0 687835963
0 8330453
0 550007819
0 180314953
0 847983087
0 640707628
0 829268074
0 48621234
0 938745869
0 80562010
0 559847301
0 549697459
0 447643425
0 713521383
0 957240785
0 528031141
0 462555139
0 513651284
0 302121114
0 538709149
0 425399970
0 392984595
0 815325179
0 825160928
0 716240183
0 323650632
0 824296100
0 691128443
0 376827211
0 636626854
0 829990655
0 994988343
0 194735948
0 164345618
0 409894626
0 42980325
0 236211762
0 269470179
0 64876131
0 46036720
0 32728672
0 484282092
0 465846411
0 664944317
0 926324914
0 377854602
0 495206842
0 356252149
0 795454585
0 943043126
0 49379232
0 824274742
0 494751587
0 492779357
0 826533557
0 39114911
0 395289503
0 552444391
0 81212702
0 616245469
0 113759358
0 508439308
0 636445607
0 80402320
0 409772019
0 270956217
0 517889704
0 257007463
0 494800324
0 320469521
0 470060367
0 174901105
0 531533105
0 838804134
0 978910301
0 378494428
0 780630243
0 529348813
0 897773134
0 218164764
0 982012824
0 548088030
0 285436865
0 163640254
0 546264750
0 554663281
0 549803290
0 20781129
0 697452915
0 444669885
0 965057510
0 425150173
0 19956004
0 842921983
0 779091803
0 748424512
0 817591107
0 533125289
0 657271706
0 593492924
0 393467500
0 463583586
0 912177354
0 432869200
0 85344372
0 974798209
0 956771734
0 638278800
0 678142224
0 456536816
0 345666672
0 167984732
0 442728494
0 163743449
0 411846442
0 68866965
0 776527345
0 802443308
0 398135216
0 659790521
0 889153315
0 326225733
0 82362831
0 63920815
0 318359015
0 352865320
0 985617782
0 742484107
0 191201593
0 91435497
0 612928140
0 897029747
0 316471728
0 201398721
0 261869969
0 247715263
0 315864897
0 928546301
0 731517951
0 23805917
0 295537351
0 440727418
0 568825618
0 255360043
0 933132820
0 263958219
0 389660798
0 599297751
0 921985639
0 774353215
0 730645073
0 700828525
0 817431499
0 697615375
0 193904524
0 289765106
0 173986965
0 434901427
0 606136806
0 786377422
0 751608419
0 569910934
0 915630233
0 164011773
0 501456584
0 382521405
0 205436509
0 860938727
0 781246246
0 193440472
0 92121898
0 168780308
0 571484542
0 803298974
0 905188208
0 90992153
0 49109342
0 520002017
0 864401303
0 852647168
0 806628543
0 797125692
0 793690406
0 432529063
0 427474049
0 798347246
0 787430943
0 493894392
0 164468384
0 20156478
0 722226175
0 251937819
0 681764436
0 517168978
0 821535812
0 479154623
0 899941675
0 961793911
0 559393486
0 553453113
0 655762814
0 523948227
0 141537409
0 217787304
0 705840772
0 697693258
0 83944815
0 824638081
0 918011017
0 138220555
0 933195225
0 971538520
0 983599626
0 689063125
0 861590373
0 821503752
0 616252541
0 470583060
0 73721908
0 589163761
0 981433726
0 11422129
0 489698343
0 561969759
0 855660480
0 27643951
0 17311855
0 866066672
0 294349586
0 981012967
0 591719908
0 64755968
0 965437684
0 619658959
0 18436137
0 926696992
0 282194079
0 990722188
0 91006147
0 291464250
0 65311479
0 942009203
0 177679593
0 779513633
0 813871781
0 118844134
0 594226834
0 457690091
0 665042630
0 566475030
0 93482472
0 618961218
0 329004531
0 847709807
0 859960644
0 43548247
0 249463139
0 440813344
0 449465783
0 417872546
0 323544946
0 518074629
0 379852058
0 879454250
0 614757952
0 74560605
0 667582828
0 972266736
0 420800760
0 38836806
0 651874910
0 227603267
0 277159186
0 39251122
0 793216596
0 374460086
0 78035420
0 251122589
0 399344742
0 393330157
0 794365111
0 122315275
0 533666814
0 67499482
0 245213736
0 886446994
0 732770713
0 40310809
0 606268265
0 569057725
0 141957668
0 509859510
0 342667729
0 850836319
0 162445048
0 687400054
0 850419898
0 149687920
0 805029208
0 915292265
0 718170411
0 275524211
0 182778716
0 901490649
0 119609967
0 669755590
0 538622068
0 599078891
0 99315614
0 756932533
0 605815258
0 596473119
0 850667326
0 135510423
0 202878931
0 164702966
0 422481506
0 124746104
0 47302192
0 439326775
0 202748374
0 466011899
0 543124393
0 21830460
0 903960998
0 760963465
0 485468598
0 775160057
0 162004910
0 271907286
0 419423298
0 992638623
0 295771815
0 103772684
0 84157804
0 712418446
0 186576686
0 819244978
0 278669904
0 815736882
0 974770866
0 493763814
0 266660602
0 748804863
0 788599117
0 75702205
0 768451263
0 899604911
0 605162796
0 44979134
0 70481306
0 751023898
0 121599319
0 677367408
0 92890112
0 646988888
0 128050272
0 276356742
0 959591230
0 784458863
0 603436295
0 852389717
0 764617823
0 653815130
0 544079671
0 212602528
0 847915466
0 733362611
0 796111120
0 626520739
0 537263241
0 966329580
0 837117823
0 365841817
0 906679856
0 125555174
0 546533057
0 970836106
0 901508042
0 990516755
0 8912162
0 697085950
0 107192161
0 814483338
0 682103226
0 466009846
0 601947451
0 997810476
0 765861012
0 399642272
0 528115122
0 401829831
0 731955665
0 429965751
0 262401463
0 872082063
0 444903739
0 269520980
0 20790122
0 243563714
0 644720936
0 280511210
0 293259127
0 776568423
0 543006011
0 562351949
0 796953418
0 892531412
0 287358908
0 951394887
0 958733974
0 421932669
0 578043049
0 58217176
0 307488782
0 965401704
0 608429829
0 355715404
0 663854642
0 886855292
0 643169984
0 485872764
0 52819133
0 137139926
0 983854698
0 16603178
0 119357536
0 119488559
0 473788964
0 597455894
0 370181839
0 179823156
0 38100378
0 10906261
0 873500206
0 686978880
0 773851243
0 257437192
0 387973798
0 848286589
0 943761782
0 776694292
0 311553442
0 411250908
0 206632822
0 109796406
0 793283433
0 487692125
0 397121211
0 98492897
0 526873374
0 305911938
0 619732810
0 340740739
0 686390324
0 199283927
0 93819140
0 511489104
0 760762393
0 376290492
0 742123697
0 722250709
0 342588596
0 21189659
0 216151985
0 73138529
0 685207860
0 704746039
0 756626965
0 453254386
0 289657589
0 696192862
0 530199933
0 245597687
0 148357235
0 294041425
0 31579700
0 526057872
0 115504433
0 489360367
0 463442494
0 122478172
0 714658129
0 521197211
0 26279402
0 113362213
0 708316835
0 429862107
0 761799426
0 714112888
0 438777790
0 55833519
0 716607323
0 281634237
0 895321247
0 135962757
0 908685677
0 501616956
0 187505535
0 486373399
0 547211788
0 794996995
0 289081636
0 983369723
0 280688907
0 43251842
0 252554711
0 111658323
0 599343408
0 954942154
0 603222896
0 178359335
0 115601147
0 959086750
0 706476700
0 561179052
0 804267939
0 890140211
0 432007524
0 616787707
0 623668296
0 99416146
0 883974052
0 740477613
0 276629625
0 365187141
0 937777692
0 766677390
0 488876074
0 693199957
0 640901214
0 803698748
0 926379827
0 546855565
0 428847554
0 938390825
0 760683440
0 337240421
0 647176401
0 855093879
0 653612107
0 76935951
0 618642189
0 873343055
0 100472330
0 832855053
0 850804630
0 628363057
0 383476002
0 346895422
0 516366185
0 727143104
0 561813418
0 414263648
0 183498427
0 985538731
0 123695297
0 119709462
0 542291642
0 442036561
0 268889048
0 913628788
0 656383943
0 475827889
0 793838428
0 488132166
0 676793972
0 133270366
0 520928170
0 931930555
0 773775993
0 82593371
0 519088902
0 20563415
0 986252458
0 884694724
0 294135459
0 422477167
0 963005039
0 442661654
0 180858191
0 263822627
0 634985738
0 407939540
0 864811909
0 198813461
0 986968977
0 54627002
0 260789446
0 107993043
0 377879368
0 436800094
0 949134539
0 687319567
0 981274621
0 683241936
0 229878184
0 445150250
0 310085978
0 139044458
0 326758824
0 312538178
0 797535927
0 716714033
0 182507255
0 265402257
0 204249323
0 70009809
0 856445058
0 936466682
0 325256581
0 394446888
0 897265567
0 103187156
0 631741560
0 584407715
0 651394449
0 325450703
0 469235918
0 777444375
0 937570618
0 203334380
0 392244387
0 777476481
0 409833857
0 904605819
0 879564177
0 962017961
0 143971792
0 857555327
0 289917566
0 218970358
0 55255230
0 135629865
0 321948127
0 110262014
0 402861058
0 801952671
0 783073544
0 943654115
0 97267056
0 316420517
0 486624440
0 752755995
0 844289724
0 845098975
0 95132834
0 880049747
0 408640684
0 323255446
0 519559851
0 791464865
0 232714784
0 891125175
0 733762635
0 950206839
0 918645305
0 954078122
0 70317626
0 225913219
0 548614393
0 397163127
0 28927236
0 45431041
0 725040248
0 957086422
0 689792190
0 828274520
0 910597167
0 318370395
0 462885346
0 975848755
0 101769109
0 365114777
0 915729345
0 497174817
0 886551892
0 571756320
0 177218312
0 688093248
0 520242347
0 366240509
0 172579893
0 749125938
0 72690593
0 845509527
0 636752713
0 67516377
0 145464779
0 320399428
0 807646760
0 198212003
0 147419709
0 655040954
0 631083025
0 887528719
0 741223828
0 723880334
0 356784616
0 264367595
0 834765501
0 126139343
0 54749773
0 94898371
0 89593959
0 967868328
0 247843800
0 450253306
0 655883847
0 368126311
0 906148167
0 382958619
0 114723266
0 44297748
0 576673692
0 755786705
0 107010793
0 635298791
0 985864343
0 823934145
0 267704075
0 744657775
0 695756720
0 94195810
0 804422941
0 788582093
0 144463755
0 743046984
0 160155900
0 889057680
0 662827127
0 555285410
0 811627307
0 476321606
0 513280133
0 525481321
0 532692149
0 962422839
0 729532643
0 20938926
0 573188165
0 368901441
0 114814739
0 614239991
0 179406165
0 557519156
0 240527196
0 517132286
0 506888431
0 164977544
0 642641347
0 238716933
0 671007032
0 193139744
0 339437562
0 149621086
0 727632246
0 200236201
0 248840446
0 470957814
0 315608218
0 950294725
0 1736967
0 105852356
0 815628174
0 726297578
0 39281899
0 811286077
0 974690324
0 998122701
0 316635639
0 822089511
0 130258141
0 856198949
0 579781295
0 549369184
0 828506135
0 543883326
0 483149969
0 769156506
0 704897137
0 408207779
0 127965438
0 271795560
0 666240736
0 999362360
0 733826711
0 229432673
0 208181382
0 589533260
0 541132920
0 406439079
0 738552355
0 127561793
0 985867688
0 323529822
0 61669351
0 216034349
0 326204892
0 5051684
0 773947785
0 401830398
0 481518039
0 622300233
0 333529036
0 505982147
0 174316076
0 470061347
0 733181239
0 46773055
0 798417942
0 944871481
0 506677322
0 231890347
0 785015514
0 742090878
0 244029610
0 928313292
0 647850489
0 977809578
0 230546131
0 63941581
0 948658174
0 65773118
0 310467848
0 451472569
0 687261240
0 827299815
0 173585443
0 261538788
0 900195457
0 171657568
0 431591349
0 842213060
0 767790764
0 174678309
0 457898700
0 194102386
0 501224775
0 668878883
0 402406377
0 648665712
0 596490928
0 908233029
0 171756818
0 504756982
0 984615887
0 806677785
0 126870627
0 221366232
0 761180832
0 519732376
0 49668671
0 561934296
0 895885240
0 243177391
0 312042659
0 799727230
0 483567467
0 438114969
0 414160223
0 336242072
0 775415380
0 826151492
0 223038914
0 545474526
0 568986888
0 375156026
0 798393709
0 726445115
0 906386597
0 467733936
0 693908176
0 268980394
0 194047862
0 135348065
0 561787144
0 38301457
0 783006310
0 356537276
0 106571106
0 405898891
0 897982512
0 639889199
0 601125220
0 985019971
0 577011746
0 304619886
0 989095305
0 812462489
0 58574492
0 105091163
0 736176899
0 393806002
0 273343800
0 423177905
0 74068546
0 22682525
0 618313055
0 708692191
0 898174765
0 603319909
0 382367381
0 446958418
0 226921977
0 127774593
0 939967599
0 933696460
0 8716896
0 602086823
0 920605722
0 506255381
0 318022039
0 230784123
0 262480338
0 253413962
0 153121406
0 164735735
0 422455543
0 66861079
0 284166164
0 979885036
0 542196600
0 922557469
0 630296729
0 91089821
0 716603842
0 153012916
0 380944036
0 34542905
0 472289329
0 787488116
0 509632113
0 253672806
0 567004944
0 285374234
0 781956088
0 867216520
0 448762584
0 486032877
0 371316834
0 805345053
0 972386087
0 594694314
0 466974063
0 92952492
0 147117636
0 625932766
0 138651632
0 312299926
0 637854102
0 775867612
0 573488677
0 878430548
0 240814718
0 638234237
0 42983764
0 359515604
0 216713319
0 810936598
0 738265108
0 337476580
0 766281368
0 485335360
0 852494733
0 117959499
0 286915749
0 645672326
0 12975922
0 682277982
0 746926111
0 457930649
0 528391613
0 464765925
0 205953174
0 513461107
0 730784210
0 287269074
0 744929244
0 445267706
0 596520861
0 975180264
0 934973406
0 71694334
0 279565702
0 762190092
0 402188513
0 553370434
0 266869204
0 628568782
0 6466267
0 324359139
0 181081304
0 333958234
0 680693673
0 977315147
0 380165540
0 670621969
0 19068178
0 888892838
0 191923901
0 703405452
0 13574035
0 533330120
0 258476163
0 485039620
0 992710500
0 149253617
0 345181554
0 752930052
0 754817100
0 844555177
0 515435932
0 906102537
0 622916073
0 993497318
0 921043592
0 183221138
0 313398480
0 60807815
0 366301567
0 435930470
0 713269809
0 172314260
0 397381376
0 69756698
0 632564386
0 912709404
0 258713479
0 806441102
0 122737144
0 747755481
0 866655922
0 491875049
0 590225927
0 162558730
0 369503569
0 488474845
0 632403136
0 12099888
0 907264252
0 526937476
0 548517035
0 59959077
0 720297753
0 902564593
0 316010034
0 755504603
0 672880008
0 89375913
0 769178151
0 485912023
0 651147037
0 866945311
0 32662131
0 420949660
0 759596861
0 76358069
0 996385724
0 818934858
0 809148223
0 176809919
0 953144733
0 373439306
0 369053846
0 566179940
0 360971751
0 950105289
0 304490599
0 37607826
0 909089747
0 980895171
0 720319230
0 245732501
0 280241602
0 465621708
0 998942369
0 864908769
0 256384960
0 386046130
0 510314545
0 649848928
0 403364250
0 201436684
0 516671200
0 737382757
0 18659192
0 152334714
0 444719538
0 728993127
0 731576109
0 748620174
0 441950289
0 122258413
0 258809335
0 489035045
0 671778146
0 96832523
0 874431105
0 402064251
0 605355531
0 626968080
0 413952038
0 328406622
0 200375464
0 73186361
0 96481074
0 37215864
0 188312814
0 427015910
0 419578227
0 842218660
0 85401737
0 473402294
0 653624771
0 849284773
0 28816260
0 16269661
0 792382402
0 349114307
0 553818086
0 192921901
0 161040822
0 228174245
0 374231546
0 834298073
0 974104474
0 717599755
0 170254517
0 76075707
0 848309408
0 194386734
0 874481701
0 334211570
0 447849639
0 67239926
0 832566011
0 77231495
0 169030638
0 634452039
0 568578671
0 628148393
0 600779534
0 3906674
0 724995987
0 458694260
0 103339557
0 41003066
0 182817958
0 97088992
0 279215112
0 686686995
0 330689587
0 603620610
0 767797771
0 986092638
0 753318928
0 297995607
0 277490668
0 636904630
0 892486277
0 130343714
0 370205740
0 50578030
0 688541384
0 772170267
0 557838451
0 472414445
0 968986536
0 764337155
0 456461946
0 332996270
0 705524740
0 375855546
0 198306087
0 5462495
0 417531043
0 582074536
0 571477115
0 269756711
0 523558930
0 568990513
0 542503012
0 47282546
0 174808737
0 871884637
0 821789755
0 55875788
0 675029988
0 672562922
0 482929287
0 932754955
0 179998820
0 86657942
0 314482824
0 958303568
0 162916144
0 3445604
0 760662708
0 798488804
0 967532480
0 404649073
0 168163688
0 776337446
0 728135577
0 630696312
0 445341291
0 569116123
0 590487964
0 87453202
0 543764594
0 951559625
0 475838314
0 245446781
0 795714804
0 71340351
0 924695546
0 107487020
0 154302009
0 540257181
0 575238171
0 755272216
0 196900252
0 252321130
0 883620708
0 462953263
0 226645648
0 671875995
0 426376809
0 270071196
0 717417710
0 854351523
0 86895713
0 565138162
0 129674662
0 13327839
0 525104328
0 15578807
0 517148405
0 166145580
0 57311554
0 91633628
0 645783763
0 585067245
0 843640368
0 169468157
0 87998252
0 630493417
0 881056011
0 954345115
0 131008147
0 798410634
0 608306884
0 818155973
0 95707268
0 420984587
0 106421576
0 471350059
0 75788372
0 672686764
0 248171506
0 192158832
0 300641820
0 880039282
0 231558986
0 408003950
0 818089657
0 768733672
0 150387497
0 293738129
0 200578880
0 789043503
0 798420890
0 824789618
0 91394262
0 911778280
0 559502047
0 537987793
0 70655992
0 697793652
0 364039168
0 768876723
0 620385158
0 127572640
0 774414678
0 766361969
0 385372274
0 124721273
0 987274737
0 372097002
0 662410547
0 500089934
0 850109965
0 705199427
0 761498135
0 660630234
0 750645974
0 229038209
0 878520565
0 338716054
0 17876891
0 975872799
0 244679921
0 684109949
0 108786387
0 477529802
0 322540848
0 756953084
0 456178390
0 397069559
0 666047432
0 961497357
0 130480827
0 15943341
0 478010363
0 837957955
0 886288584
0 587713496
0 19468144
0 20949870
0 377011429
0 38795754
0 234193712
0 214047528
0 579240937
0 378738444
0 133648073
0 255640399
0 965292689
0 738537337
0 464138433
0 283597983
0 120038849
0 702842412
0 724031744
0 248721601
0 77864698
0 440275878
0 844373268
0 689134217
0 909492340
0 526900051
0 814039114
0 806240990
0 686188322
0 204966265
0 394743935
0 149182354
0 60849005
0 148602213
0 523767796
0 995051589
0 7696473
0 320417672
0 323957394
0 186688630
0 961086305
0 707874973
0 93973169
0 274399917
0 181741366
0 422201829
0 672049834
0 478251045
0 218601448
0 762670609
0 842817689
0 291893194
0 701146173
0 597441185
0 244566190
0 910474293
0 245830186
0 455780769
0 915767388
0 538365155
0 646743522
0 473691216
0 702826544
0 157507135
0 696036086
0 603348286
0 20233349
0 748503084
0 980632562
0 443316860
0 365441118
0 942607184
0 537384518
0 678157730
0 299241
0 198842818
0 785091870
0 672075499
0 566956090
0 666032184
0 301644876
0 649054557
0 972688800
0 235006763
0 614978085
0 540850685
0 186470168
0 447169521
0 673576546
0 629275668
0 102386624
0 62899647
0 958044148
0 313196743
0 108376433
0 577366513
0 654674598
0 860313906
0 58987100
0 393286407
0 972005155
0 480341046
0 468291127
0 108369551
0 663838002
0 129994024
0 376249034
0 792181606
0 147245317
0 515201556
0 459771855
0 14451860
0 169647100
0 903609770
0 246296579
0 539415529
0 943445053
0 520573958
0 831068336
0 136565483
0 330990536
0 413394073
0 352889381
0 640867574
0 831108256
0 534625839
0 651078152
0 600299960
0 805359476
0 703268017
0 210967475
0 601343966
0 442423327
0 220860890
0 880904463
0 690172896
0 552444921
0 491882815
0 140049820
0 637568080
0 630650446
0 605415325
0 521287406
0 378933281
0 983180932
0 426735487
0 808987935
0 969344310
0 183082827
0 248596639
0 492047776
0 615086797
0 35466788
0 447707160
0 289145771
0 780526706
0 373140197
0 188942867
0 58647660
0 878700250
0 278131951
0 768087014
0 976576753
0 64667268
0 576527384
0 441520887
0 621891703
0 725843697
0 802789282
0 261259124
0 722028859
0 589483033
0 664921138
0 633294060
0 98056993
0 728842873
0 958860553
0 360159740
0 442662268
0 50279056
0 693728888
0 114735736
0 277143973
0 531432468
0 665543492
0 779929753
0 748205767
0 387689104
0 457657748
0 719449365
0 408259070
0 938449844
0 790415369
0 848834595
0 948840042
0 164272521
0 510903626
0 735907083
0 601339869
0 704692545
0 383812662
0 604312095
0 521028901
0 591360080
0 125801105
0 985442097
0 158238740
0 353266840
0 176612094
0 183707296
0 292514729
0 520886507
0 220131540
0 991914201
0 663336321
0 949055961
0 678984774
0 457177381
0 292785437
0 67420422
0 425877769
0 88100621
0 102967806
0 272988404
0 434419753
0 469749494
0 926560888
0 714604545
0 545650483
0 506698744
0 50739126
0 885467225
0 727749892
0 960971856
0 842923488
0 536237042
0 27177418
0 134303396
0 77282069
0 723836636
0 408915225
0 245396968
0 63377641
0 197976061
0 206375227
0 471531851
0 224506669
0 503126772
0 675654156
0 678716135
0 999853152
0 651487235
0 911088405
0 30812860
0 863013004
0 776199694
0 101425953
0 474439942
0 303321414
0 579843117
0 517612777
0 152357334
0 456775197
0 117778418
0 664266700
0 69170674
0 81246667
0 671924594
0 205189380
0 720227832
0 545422855
0 831252759
0 612710476
0 697180883
0 322085740
0 167609679
0 506977045
0 576930672
0 238863572
0 248035053
0 118279195
0 214458855
0 393294102
0 853411317
0 416744633
0 610448456
0 820480909
0 457529753
0 92671607
0 600859739
0 361793902
0 545808888
0 567955659
0 800971115
0 639132253
0 218193549
0 823444579
0 164711245
0 267588762
0 56499939
0 498687523
0 157046131
0 287662909
0 723414590
0 984052643
0 66479904
0 360472214
0 364646477
0 635586173
0 605465545
0 317714075
0 967665815
0 471992260
0 644149343
0 575241097
0 239981808
0 38701620
0 609098682
0 597362581
0 291377238
0 666923188
0 101742262
0 923842419
0 619589780
0 861554264
0 977479733
0 233103630
0 108711570
0 298402340
0 472366636
0 815307069
0 834914726
0 651468375
0 962332592
0 664902342
0 8081329
0 631720795
0 267266559
0 633188821
0 514311431
0 950587394
0 167637214
0 265562726
0 917853231
0 156547812
0 692312874
0 962785316
0 927287440
0 269803822
0 55658417
0 515331939
0 890778199
0 64215655
0 608732296
0 414861278
0 446174438
0 470780810
0 154453475
0 516817451
0 738954036
0 962171972
0 784706783
0 774526391
0 57935113
0 840229839
0 718986105
0 90011157
0 695124398
0 769812267
0 294259554
0 148436378
0 552560149
0 306255716
0 820722312
0 804655399
0 665446741
0 258721601
0 491054718
0 572457246
0 505049103
0 749725362
0 349736230
0 812688
0 473294057
0 952582234
0 786580391
0 912002606
0 632608298
0 792384278
0 450692285
0 292362273
0 813422589
0 257748501
0 146707775
0 436082968
0 764546811
0 228442929
0 197726378
0 832859367
0 372756225
0 186606826
0 337168509
0 433732140
0 827176057
0 87580680
0 115968732
0 529945001
0 288698925
0 261325776
0 945451970
0 75548032
0 660412618
0 282156086
0 861929596
0 880631447
0 498420960
0 847671502
0 83280085
0 388127905
0 550525582
0 121730996
0 252739484
0 136073257
0 322616463
0 917556786
0 995199564
0 322591969
0 231906279
0 231724376
0 206892783
0 495673947
0 597977044
0 655082980
0 407404996
0 186681543
0 966775043
0 406614184
0 703882582
0 488512382
0 573327247
0 137323109
0 725791944
0 766919060
0 860352284
0 989107359
0 411910331
0 681646989
0 651796701
0 126516209
0 671474247
0 330691817
0 575046253
0 585975860
0 410259998
0 346619843
0 500954105
0 760126346
0 430052714
0 103974118
0 3146933
0 68055242
0 306629286
0 956485887
0 883873586
0 114788233
