500 200
584774825 833534722 1
813745833 431342648 3
740211960 456361248 2
590819262 195012336 1
546932647 13039895 1
104062378 118461698 2
578138628 30356910 1
599043259 886364551 2
171004737 718855051 1
225144742 373403959 3
105867544 80042843 3
226342530 951943087 2
728897290 284901907 1
601763723 709166391 2
222945215 877775632 1
349753670 24302250 3
855573750 426902398 2
12935833 599109777 2
982793524 83846829 2
423114649 791312924 1
15186583 887121936 1
761200332 782655566 1
789181040 723216404 1
707713832 47434060 3
119699146 475423790 3
133703320 934817938 1
473806225 490467551 2
688722070 394521646 3
110568927 67218004 1
125374081 94748998 2
223432797 597778190 2
848087148 879785066 1
45107446 784154565 1
284165213 362123753 2
405083341 95099570 2
707351391 983387113 2
421582113 244850421 2
960955073 352846473 1
899519948 357529816 2
459269845 154970221 3
878292511 893712982 2
464756982 373466193 1
30748616 171986896 1
356664741 160793924 2
863648780 764364840 3
31223984 612272485 3
329630994 816980536 1
203090240 117445784 2
653892295 185447230 1
346774179 431737672 2
881056521 409724055 2
713531005 777788546 2
79032416 21062218 2
167114511 133970932 2
580284250 981610134 2
404241975 560030410 1
152185251 910516440 1
794169500 965370171 2
435827113 234405654 1
225589391 944395509 2
610078579 954874289 1
521101348 163686031 3
901235843 979781470 3
676731877 12108770 1
763283728 61964274 2
588183102 240964595 2
776970571 954870902 3
693943792 655140221 3
935371175 59380646 1
866393463 135456395 1
769927388 417183255 2
64347414 741325303 1
681831777 978656392 1
467799857 765089170 2
193753824 945868377 1
676329919 765994065 1
791967854 234527147 2
395549187 978716899 3
789614659 458369001 3
409735129 659867744 3
398418935 311513183 1
854840314 334690229 3
175499542 988114172 1
278635061 718784701 1
573674788 973840521 3
631572190 996073956 1
992454383 693309840 3
897802731 714533316 1
226444454 645295152 2
400574106 839563493 2
512119319 422628647 1
94615183 517740803 2
489191357 660237783 1
204111395 248864419 1
372446742 174517433 1
248829408 31983631 3
726760848 194453208 1
734029403 753129908 3
528673554 205680220 2
794386216 517913117 3
245516894 189234925 3
194153853 630493363 2
695761577 542505317 2
979905026 474590836 2
169550041 808028012 3
125875494 465344038 3
303296804 52361777 1
613182381 308814141 2
953201734 835441794 2
52165173 272604373 1
984635870 792680192 3
853077197 420924728 2
194722982 772472750 2
115186681 95258872 2
691676218 720117187 1
899121814 637611153 2
992639034 923528514 2
382666903 878594744 2
631268256 563190747 3
614207014 262490155 2
902193328 700650822 1
158519139 256912563 3
27994795 714851458 3
741595309 567741861 1
6137567 154516961 3
582370521 382781725 3
127775968 13991827 1
739141010 622653406 2
30594458 327546337 3
795398538 159628447 2
971800649 65084963 3
384074938 232456553 1
15760825 496963851 1
130608595 558805314 2
94870165 351746155 2
284816122 664188794 2
967042144 8125523 1
410666861 400093408 3
844592012 643342912 1
444775892 597030980 3
844842603 615604129 2
84162007 169884963 3
755358016 685912430 3
499824001 975336028 2
776098186 456461182 2
469892900 657455012 2
644996047 402924598 2
349704359 720806522 3
811841041 633977754 3
4114592 557943854 2
689662902 213326407 2
304683076 776021935 1
437537506 899298269 2
332726544 895545283 2
369115773 870224552 1
689076755 840578715 2
340937359 850988971 3
880493903 842976941 3
169178281 609910827 3
392099152 932165303 2
648374362 780040215 3
735997573 787547568 3
440614398 651035137 1
470966492 692101308 2
213287809 84897786 1
524096294 497804173 1
409375071 464691567 1
294398056 632891118 3
417234529 496501510 2
838787828 816484893 2
405534007 574564233 3
494804076 642095847 1
774377895 213494561 2
296616060 396341435 2
804733750 167551838 2
193836712 306285467 1
398261056 70854028 3
899138341 641362788 2
313532497 242913353 2
519932426 47812749 3
644876889 572233700 1
853141599 688977154 2
469942215 240675119 1
331526627 753753098 1
330717031 305794322 3
448436124 482152299 3
286716564 568993596 1
412362490 437825629 3
593329194 894343492 3
401927249 771206771 1
103232538 275410316 3
205481400 499711356 2
887017083 476879261 2
49789063 848998162 2
20458826 677372860 2
116029130 565280949 3
154207071 349629008 1
892907616 785442804 1
470202 860851720 1
233914080 396670121 3
295239770 555912339 1
781124458 955247876 2
701402597 292431787 3
877918942 340522701 1
148862448 183866982 3
679575107 750371151 1
15941837 810600468 2
982402195 260072776 1
639791409 874616425 2
821439640 343381858 3
764818273 834540630 1
996834256 215685180 3
982568219 171015346 3
88943130 46366061 1
232100175 354866341 1
531016383 750820839 2
218806653 571498578 2
145746003 847714765 2
126573724 547251546 1
138767550 344447196 2
964169675 346418214 2
342893723 795918216 1
961708857 14420187 3
425366374 858912252 3
764157410 992581761 1
721987824 405919089 2
239374836 608733900 2
799587484 130028527 3
58918512 556001657 3
52704178 270207563 3
138187860 274104642 2
476648597 544035639 3
47952068 123027287 1
257787980 7189186 3
278994051 676143893 1
309335213 189378317 2
464191475 225319273 1
741140449 57285788 3
320361754 238222192 3
145951536 681147377 2
359567114 5414901 2
335064937 854077486 2
397927328 686828844 2
7169630 75415739 3
201137925 816392067 2
669421764 454700738 2
818343012 743436542 2
576945747 428658395 2
642347799 229902166 3
828378194 29802491 3
481348169 674971862 1
585010325 719868983 2
641270825 702951601 2
913741674 518937362 2
173853257 581619715 1
165424909 646237228 1
333691601 651638662 3
99275611 931401813 3
133141228 714492672 2
695220611 136543950 1
611082512 555901298 1
47141964 780096733 2
565772749 227906627 2
417126113 285858539 2
748779341 163786439 3
347727050 589701232 1
275224583 736308816 2
19739656 423438778 3
801415071 599685045 2
675956210 780068745 3
630037773 818763533 1
997270785 697792347 2
578473807 337093879 2
99323813 791326601 3
704258386 855670843 3
686696973 672681831 2
479341438 80595292 1
692312234 444013244 1
533376284 871519527 3
350714338 129986310 1
940754295 706076263 2
212739632 488800871 1
119504987 835156967 2
348208948 341985026 2
264203083 625259611 3
225128570 966666383 2
246198678 357215770 3
887776064 1875751 3
814312581 610373354 2
493960686 39029531 1
235383924 276727965 2
165316704 43341953 1
598275391 972724295 2
327359893 194103922 2
340671271 678798427 3
885813912 543482917 1
776946011 955744178 1
831327760 32984980 2
942138586 701281959 2
229010573 568276454 2
301380094 285609398 3
826919621 514178777 1
759177160 449208284 1
872825337 218226973 2
1728110 412484052 2
510856621 60273902 3
751732896 780961663 1
489394692 292421200 2
900862245 236692406 1
180506762 493195959 3
991969892 810105767 1
258406016 438807155 3
763543677 754380217 3
578156725 417907295 3
858329595 497068611 3
279999009 736328795 2
506074780 234789814 3
779137623 488217938 3
632447346 821405591 1
344288535 901447147 2
595751182 345699155 3
969650872 915389153 1
37606596 673171834 3
184143768 267212956 3
576533912 390371565 3
435609079 199898756 2
105542172 115284374 2
298837404 410332851 1
218276199 314441466 2
460433413 849657802 2
141449125 711714447 3
274597552 95738909 3
384341786 726319338 1
641466784 61826361 1
996568551 452845760 2
364396148 252826581 1
182856658 889622402 1
646513390 895930284 3
806082759 586694593 2
726068805 70758414 2
291801130 53021167 2
537194349 776594823 3
341424702 656597185 2
223577677 331232665 1
520841595 818848316 3
719672769 406777373 2
464956033 242831435 3
591497406 25293266 2
613715213 810568133 3
622070815 909142420 2
888309744 818214779 1
30653114 315972066 1
582907195 454047666 2
181757133 353799028 2
67661387 745329396 2
844461104 570200906 1
997660652 864499068 3
168058263 105527101 2
451134918 249444113 1
339490389 10965597 3
323969894 788124064 2
606359554 568181661 1
30314039 172407983 2
889153654 932869675 1
718069547 579508326 1
362114170 901205276 1
200584145 240039649 1
943184343 165080590 2
650161908 764498395 3
989479172 440532245 3
486729761 880399762 1
764298031 454768624 3
849503935 781187438 3
381163570 311838686 3
398324933 238195135 2
736669189 670472919 1
409847899 546423185 3
528888501 991775374 3
447176223 591153919 2
432471998 205865563 3
595913703 941340289 2
249777390 262549829 2
510642380 946902833 1
174605631 612292359 2
273121203 395313353 3
20508576 75505910 3
917261954 808359995 2
32267316 253001382 2
324121131 613682114 1
452903990 486714354 2
738799982 546536429 1
430890036 565079686 2
479339810 153452218 1
702426663 172984010 1
212996856 582892314 3
31293227 428035149 2
116719924 264255041 3
618592340 545261228 3
934492958 299988715 3
665648187 324153571 2
611884814 271926297 1
490581414 531916945 2
598952294 644835579 1
157418493 193550420 1
390498980 887238941 1
997235541 149800369 3
347697544 598652806 1
607778642 935143370 2
238089177 524909281 3
668611606 305240619 2
928175882 114072526 3
129176897 666542784 3
24147661 729716881 3
369693955 297546467 1
908774158 922761090 2
213148595 681705352 3
738118266 38676992 2
130598903 609903890 3
30276193 923160011 3
328544019 761570118 1
333981473 740796850 2
151300539 47779882 1
618223624 509827837 1
420603536 265935028 3
417990348 841455664 2
836034860 258552249 1
105645694 597227342 2
858772446 804919080 3
534381303 190860874 3
605227096 150961703 1
321111460 134861712 2
636171291 818772829 3
631937552 86011442 1
139870439 923649248 3
730888752 168046294 1
355195230 80246301 1
17940695 64143436 3
156134225 354581867 3
884535031 525681321 3
467026667 987725743 2
352088534 2315746 1
181179844 958775228 1
580042642 542213275 3
853429190 41201418 1
676262989 11535647 1
355361594 730311110 1
59803409 550152015 2
295113861 709626045 2
658237788 643395907 1
60894813 16925434 3
587771655 160109167 3
941854148 888051158 2
273301721 141332950 3
655947397 357620943 1
579810400 520201534 3
279857089 779650358 2
347949091 394836162 1
281160658 9000929 3
411760825 876864066 3
46429171 460939365 3
763371664 3803243 1
31154986 558363326 2
746492516 876684614 1
28638281 128074420 3
63286517 626997013 1
379197128 254424421 1
429947078 953545090 3
292049483 427461153 2
630549693 990712672 2
13598586 422914792 2
417835332 136804900 1
626176304 771419429 3
21934929 389032660 2
918926810 946628246 1
711984378 175789839 2
662107327 919567236 1
118203587 427238030 2
255651636 82168765 1
681812040 307686774 2
526680724 763438537 2
2468867 531396582 2
247299238 591137393 2
207468679 886507554 1
985705146 651917748 3
2615161 427538247 3
450409117 65483204 2
67881984 738921919 2
497536884 757957316 3
637259856 250221648 3
757537126 548362250 1
163379725 332473970 1
15976983 909468303 2
618905082 307559460 3
606897569 506778441 1
402904550 145122327 1
1805394 895660460 1
520825814 500297555 3
199709044 690618893 3
590083491 793485615 2
777609048 280728520 1
