965227272 965227272 965227272 529910355 965227272 839406695 1379066452 965227272 965227272 1681658005 1681658005 965227272 1814383369 1702730987 3251005268 -95201735 1702730987 2662828000 3080202355 2914134156 1736425919 1034612195 1736425919 
976359225 640954517 524093087 2043213722 524093087 1791393337 785407930 816366085 49524324 332961781 49524324 816366085 785407930 49524324 785407930 785407930 785407930 785407930 49524324 806748360 -343723227 785407930 785407930 708676001 772593678 772593678 376286914 332297903 332297903 
689489028 552522857 772196280 1522331312 1014789279 96062125 -33134496 -33134496 2409916311 3855229150 769416758 561414600 2084466773 171802942 2763869092 1530621261 1068259295 2148984157 2763869092 3908097357 1219964492 1440081626 1219964492 1918546358 1626526869 
902841689 832191313 951789026 254540548 681127670 832191313 951789026 1427747492 951789026 189964393 189964393 189964393 789347454 1161925704 1575569825 189964393 189964393 -236622729 698626685 1268433210 249465022 529027275 529027275 897129813 897129813 
617675447 754054063 -647982033 1161200840 754054063 584110762 682296463 268886560 217061154 537294094 650076281 537294094 650076281 947389899 1062928713 1521475011 381571043 1521475011 1521475011 1840158153 2761476756 2761476756 2761476756 
-27443371 372526148 198130813 675590850 92804385 1172862568 1516218919 984087075 816831556 1516218919 1278386301 268913259 268913259 268913259 793924605 543104708 725357425 725357425 793924605 793924605 587696181 643926070 1689592417 1689592417 1100819823 2554136515 
172524242 880318070 1950192746 880318070 880318070 886467866 1095040439 1383253761 472400746 644772898 690940303 -352583677 472400746 135035508 -331277841 930270158 709851095 -93218409 
936723325 1078155021 -368015636 715114109 1579052453 673079800 678892680 -74465291 683775223 662690276 1138424064 179860642 638703957 301579571 37285574 601605242 843909408 1100693374 971862677 1100693374 37285574 971862677 37285574 971862677 669214705 669214705 37285574 
237498941 888180148 888180148 418356793 237498941 992021209 480625191 888180148 418356793 480625191 293898338 701372475 2260046648 2260046648 358572190 358572190 333590599 355675630 2017438395 2415110264 2017438395 2017438395 269446946 1050714093 
722605630 1129881078 425071417 40290417 -24554144 -24554144 1111414304 1111414304 301267051 301267051 301267051 750851841 887136839 347294874 347294874 -162640625 896187567 1032472565 115780072 968736639 505863951 477677750 115780072 -31667129 183633627 
496349199 811629753 898701853 811629753 651446003 420660986 420660986 79329086 725891347 704391729 899016127 611518498 549727191 930944072 549727191 1056278179 
-182501361 887525167 379678378 1441247565 742462882 508901085 -308655020 -243441025 1269809897 470389684 887525167 1146406301 470389684 790126204 790126204 
934952384 747797608 574020278 819833341 574020278 819833341 704466089 747797608 2153626175 704466089 398721338 747797608 704466089 398721338 704466089 1204194650 43510996 550864721 464857873 464857873 759554423 94074310 709113304 1058887242 1058887242 525185895 
421313023 -47366260 448425517 907308683 1591888641 644427580 536490858 501921593 536490858 794906317 794906317 692929447 1393047114 197979941 -87938795 1322227887 -258121326 184079058 184079058 -699089513 712241850 
-70109364 731631394 2239124983 376280688 276457946 731631394 1665660470 405680537 1526626122 437514548 437514548 1301945858 779661484 542276435 680524186 947857338 680524186 2235226046 806704974 947857338 947857338 1378403096 947857338 947857338 806704974 
-278025629 -321405334 315004514 747991429 -205772197 604119036 699979547 500096440 500096440 227404506 -53591288 1368645507 1548853382 726698752 726698752 349467091 1035169690 349467091 726698752 726698752 
1279304414 661518318 994478406 661518318 944385309 820124192 530857946 2986559156 3288280038 886319402 1100459436 886771725 1100911759 886771725 886771725 668711595 2190583349 2500392728 2500392728 668711595 668711595 886771725 2190583349 
-358224336 118385139 705060859 312400388 118385139 -776326319 586745401 118385139 586745401 356157480 815330539 586745401 1528169774 957753891 957753891 356157480 586745401 356157480 -776326319 735741434 735741434 711074021 735741434 1070264158 2288492266 2390787587 2862552280 
