18
47 49
-774977859 102418539 687124949 827629116 552777593 957247877 165185250 -971171254 -184938261 -502965252 -379029807 -703619523 506228045 -481670728 565438344 546571686 -265955189 429967855 -656268677 -823228653 -806267186 -763833972 -946051556 213783469 549903855 349035031 782805529 403255051 983323534 214002947 15853860 707682301 528286305 -168753323 -944245156 -727431248 -155330137 -712273270 -879498026 819437546 -85277566 819588252 -615602384 662749266 -426972064 109092433 -420468490
2 8 18
2 3 33
1 26 40 -164850095
1 13 37 850473475
1 13 32 -811443957
1 28 39 482065993
2 4 15
2 35 46
2 9 15
1 41 45 135756251
1 30 33 955506087
2 21 26
1 6 46 849156097
2 37 39
2 4 28
1 26 43 647416666
1 26 43 -344825113
2 5 11
2 30 38
1 1 3 928358305
2 11 41
1 34 42 230905413
1 13 41 -209832431
1 10 28 588177268
2 5 42
2 7 16
1 2 35 848444631
2 10 39
2 12 12
2 3 47
1 23 24 -250990026
2 9 40
2 7 25
1 22 23 -762596262
2 13 16
1 19 20 844541452
1 21 40 847518089
1 29 34 746297165
2 16 31
1 18 34 932318179
1 19 31 -436985314
1 1 4 881231749
1 23 45 -813823157
2 17 36
2 1 2
1 2 2 -339627798
2 6 37
1 10 22 -9375415
1 9 9 -503786161
1034612195 2420825426 3623261957 2694903652 1813671903 2662828000 2662828000 2662828000 2159041839 3241629853 3241629853 3241629853 3070826940 3070826940 3070826940 3070826940 3070826940 4003145119 4410701257 4410701257 4413677894 3651081632 2595643864 3358240126 3609230152 3746971610 3746971610 4229037603 4405253762 5342663587 5342663587 5779648901 6591092858 4732511589 2584870550 1736425919 2218874800 1736425919 1736425919 1861103015 1024664081 1524174409 1003591099 833838457 700999546 1379066452 -95201735
50 49
97223976 -862540132 -770357168 660049732 -184387434 -13485631 700767495 -827468089 -38070053 929335902 -813648102 643910363 -706229963 918811777 579903262 741043597 -323140027 173661226 -685347574 -367858290 -664346598 -196034285 -642229358 496788708 -281892270 791639301 -247038918 319189030 385894928 869539625 929559871 242985046 -589734659 -169787806 70146336 198997158 -723511328 -392341646 -26248189 783343820 -554118532 641400216 -314898230 -981190072 761708275 -597424298 -18728380 642042758 -497566015 668029452
2 34 39
1 11 12 943933981
1 28 36 -51529683
2 2 18
2 5 33
2 17 28
1 34 35 -369778300
2 10 36
1 5 32 -251820385
2 10 21
1 13 28 -533852616
1 6 29 -803488785
1 5 39 261314843
2 23 34
1 14 17 598301697
2 34 41
2 6 48
2 37 50
2 1 13
2 34 42
1 42 50 -615072646
2 12 38
2 3 22
2 28 33
1 38 50 205741255
1 35 40 -943598332
2 18 27
1 36 45 -695584943
2 7 32
1 10 23 -528260546
2 7 39
2 4 40
2 35 41
2 28 43
2 17 32
2 13 41
1 11 27 -76731929
2 7 27
1 3 42 63917677
1 43 47 29127283
2 21 21
2 20 37
1 15 27 -247347448
1 31 50 690882858
2 15 50
1 24 26 -832379517
2 11 28
2 18 37
1 7 37 -555380906
97223976 640954517 704872194 723967409 714366652 113442001 293944701 293944701 293944701 293944701 217212772 217212772 217212772 217212772 -30134676 -30134676 -30134676 -30134676 -30134676 -30134676 -30134676 -30134676 -30134676 -223083003 -223083003 -223083003 -30134676 293944701 293944701 336041171 1086944275 984827559 984827559 1015785714 1006167989 1006167989 1006167989 1561548895 1561548895 1561548895 1561548895 466250286 376286914 376286914 376802082 643640531 643640531 923594225 614513248 949580919
47 49
556727794 -37576788 -695910701 -798812027 873630365 -201516843 868481630 421872304 -166088573 476086741 389358636 -357010185 797830644 941755641 773043674 -969772648 995273892 194674244 173021076 986670932 189575765 -823739894 200375028 547008945 809650453 942903741 -173114823 820260524 124587935 -241027783 985784078 -735091189 531727103 392924436 -888000072 501391409 -357746293 328345611 426513647 531018416 -152808855 496723533 994078273 979797596 611559099 868315342 288081730
2 4 22
1 7 44 507542033
1 13 30 940185186
1 17 45 622400540
2 6 34
1 10 36 980551540
2 26 45
1 18 28 97742988
1 24 32 797667463
1 4 14 325300251
2 7 32
1 6 34 206802196
2 4 9
2 3 46
1 24 41 -805330776
2 12 41
2 36 43
1 3 28 680782803
2 9 27
2 22 27
1 11 23 -640922315
1 8 37 352253493
2 30 35
2 2 30
2 20 34
2 38 44
1 10 21 -952814872
1 5 9 -349092158
2 15 28
1 29 45 749140298
2 5 26
2 10 37
2 11 22
2 16 26
1 20 37 424084737
2 21 24
1 30 34 -692220102
1 9 46 997603118
1 1 32 663236698
1 27 34 -527739005
2 1 5
1 47 47 -524489106
2 3 43
2 1 27
2 25 41
1 10 45 -292019489
1 14 34 -241528861
1 2 22 -158922309
2 41 45
1219964492 1065728989 1281159317 2199886471 2034935650 2057596509 2744131144 2917392035 3914995153 3999804490 3358882175 3358882175 4407408977 4309805113 3815792895 3732238249 4660423653 4452381777 4452381777 5173648418 4876466514 5829281386 5499089695 6478982614 6741624122 6874877410 5231119841 6224495188 5499437106 4441601286 4728227961 3165024167 2813266825 2674464158 2648225422 4037616903 2197927661 2107681335 2205849371 2310354140 1626526869 3081390033 3578744773 3564464096 2688683566 1865918460 -236407376
49 48
584727609 -345630034 -275900425 755023312 -915921055 -156721283 574681195 669474930 517045114 950785370 -820130296 475395676 389652953 -67764566 -922260625 -739349794 -509180606 -969910540 -734812462 419532336 568510897 -337825202 -41996175 51332839 -87277720 -27600608 -980222257 450915076 804044487 498776211 -737723269 -33653575 152962899 -620473716 -474635101 -771312722 751628973 -517164888 752454056 -384993744 -232588141 -518845449 -512267616 505063384 -811799148 127280708 1023681 -967186577 -714535446
1 15 40 -667513380
1 37 49 346917381
2 32 40
1 25 39 165288876
2 22 39
1 3 12 -765409041
1 8 16 424255067
2 26 27
2 6 20
2 13 38
1 5 24 -491163277
2 19 29
1 36 49 805011311
2 21 24
2 35 35
1 28 43 179253925
2 15 36
1 24 47 838347536
2 9 10
2 8 47
1 27 31 181912058
2 12 42
1 15 18 -447995418
1 18 46 24370055
2 16 26
1 16 41 -894149183
1 18 27 827006687
2 28 38
2 38 41
2 10 34
2 13 28
1 18 21 290838772
1 10 34 238243821
2 6 13
2 18 48
1 3 15 962869971
1 20 44 -307136615
1 26 33 175400300
1 2 10 512368869
2 32 45
1 16 49 -739405935
1 4 13 16156462
2 7 26
2 37 45
2 19 45
1 3 47 647664791
2 16 45
2 15 34
584727609 166738835 1081594165 2128674364 -33433280 1902437364 1902437364 2329024486 2329024486 2567268307 2054899438 2054899438 2187679788 2038742976 2352572191 897129813 897129813 1159546407 1346358034 1176692066 1176692066 1176692066 1176692066 1586730183 1586730183 1762130483 1944042541 1176692066 1176692066 1176692066 1176692066 1230719260 1230719260 1176692066 1176692066 1622086450 1622086450 1622086450 1622086450 1456797574 1176692066 1276177000 1282754833 2120831908 1176692066 2050185847 1899558765 -40779250 -302012689
48 47
-257365920 -595051395 -920100200 335235042 -344273531 798349642 -551249613 -602453141 534058423 464247336 -708239181 -968963839 862323368 266949478 -965317267 -219634080 584126017 695172092 635469811 589675821 -898625461 108651236 270592167 508743676 697283931 -125275314 127854170 -954241217 -155356624 -962906722 -761960424 -948978808 -967436129 173543793 -22173284 501719971 265089961 -785014576 -499433052 257815223 -814705526 602454 869922138 -647982033 -93274866 236660693 -69435821 28875694
1 20 30 -526988721
2 8 18
2 2 7
2 28 46
1 26 36 652416591
1 10 36 543525393
1 21 25 -62318932
2 16 21
1 26 44 53445053
2 4 24
1 4 34 -372483020
1 5 28 -204607058
2 12 31
2 24 41
2 9 10
1 10 34 -404108749
1 8 37 -75723046
2 23 40
1 7 46 433015127
2 8 32
2 21 37
2 8 29
2 19 39
1 6 46 841669149
1 8 44 596421677
2 37 47
2 6 30
1 20 29 -566692096
1 5 22 313670431
1 5 22 302583005
2 24 27
1 34 44 -666975169
1 5 8 340934929
2 2 40
2 6 32
1 31 44 193955944
2 29 31
1 3 47 706005803
1 7 39 -325221075
2 5 21
1 44 44 549891090
1 19 47 859217017
2 21 36
2 10 30
2 12 35
1 11 15 -49563967
1 9 16 -251971412
-257365920 754054063 1460059866 1087576846 1840158153 2726122881 2789621354 3313358013 2809336219 2720451672 2670887705 2670887705 2915535626 2670887705 2670887705 2720451672 2972423084 3049919729 3944422288 3377730192 3377730192 3377730192 2761476756 2761476756 2761476756 2761476756 2761476756 2761476756 2761476756 3328168852 3522124796 3522124796 3522124796 3208704488 3789579180 4313472435 3244661890 3320384936 3320384936 3645606011 3645606011 3017357055 3886676739 2918663658 2746632230 3076567789 2512612719 28875694
50 48
-40211425 547262957 -240985309 570615175 -257087659 339481402 -562986320 115740220 867647173 -145700992 -122435577 984154210 332217256 -946675639 76001990 -640267736 916547155 -644022631 -978437833 63710685 -99262865 -241682974 -377160471 481113771 335225465 -323661605 757687787 -635283524 -353266487 236589167 -377606671 -620801677 -819459595 210061267 -137318525 655973018 515066512 632557948 141070915 732890442 -543104319 973623198 -856574629 626430228 143188788 -577476971 -493412230 92804385 37645361 700877126
1 42 47 -205091049
2 13 40
1 22 42 643709884
2 12 17
1 15 19 602961707
2 3 8
1 3 34 837365767
2 26 39
1 7 20 -457738337
2 3 48
1 26 44 385665418
1 19 29 890128505
1 25 49 779186195
2 11 13
2 43 43
1 12 32 -371028210
1 21 25 94990282
2 19 34
1 6 28 294299226
1 21 37 848652469
2 39 49
2 36 41
1 27 48 -790861494
2 19 38
1 4 21 -827220325
2 1 24
2 5 37
2 6 27
1 13 27 274191449
2 7 12
2 4 46
2 20 41
2 14 47
1 13 50 933111278
2 7 22
2 7 27
2 1 39
2 6 12
1 2 22 65323243
1 4 43 830344569
2 9 37
2 10 29
2 3 32
2 17 19
1 7 14 -498388707
1 18 25 600904903
1 23 43 -554248887
1 17 41 -68412366
587696181 653019424 1100819823 1483363993 1483363993 1539593882 1191203710 1191203710 1191203710 1191203710 1191203710 1191203710 1873495091 2055747808 2554136515 2554136515 3029745156 3086629052 3576788038 3086629052 4375207419 5846137628 5226565498 5735122640 6368420529 5695521926 5689791590 4630468983 4336169757 3710073790 3446041252 3446041252 3817069462 4054574100 3039028032 3663120084 3522213578 2791052545 2299565512 2891385039 1866152019 2995439112 1934564385 1728440576 1658468703 1658468703 1658468703 1014240364 1749942834 1633988404
49 47
-5106123 -454204593 609840244 534309541 372601548 -15380540 -540411362 -334221816 -47077927 -503273389 575521700 517696076 -424678600 -440613391 851968746 -527206407 394479598 600650587 -408082609 -131332018 -425224749 591369643 394423144 601777990 -672578228 205524398 145968846 519495877 -790084817 -810545244 -729950239 703651850 -185997235 -197101548 -123703921 765396450 177666160 600470532 396755801 81082973 -5578311 -250303793 -189963219 921485407 -910619432 -508753815 876500833 -212604027 -535311987
2 26 48
1 4 16 -333331265
1 35 46 -21001746
2 8 11
2 7 10
2 9 14
1 21 32 -587301972
2 3 33
1 1 43 -735951392
1 11 47 742101188
2 9 14
1 1 33 -141471138
1 34 35 191707366
2 20 47
1 16 36 -981963306
2 19 36
1 19 37 -206108320
1 8 25 274798881
1 28 43 414623758
1 17 40 -290313064
1 3 46 -375022711
2 2 34
2 10 17
1 6 46 -997356575
1 26 31 -953680787
1 21 48 -230503320
2 24 41
1 28 40 590993304
1 20 38 -555904795
1 4 7 -431079234
1 32 34 -102983036
2 13 27
1 10 21 497210935
2 1 10
2 15 37
1 15 37 -366716786
2 38 46
1 9 31 475189305
1 10 33 809964408
1 9 24 -495048739
2 5 17
1 20 38 -269749718
2 8 24
1 22 29 -191132214
1 16 29 -887098009
2 39 44
1 4 6 -868890455
472400746 472400746 472400746 -396489709 61379703 61379703 930270158 930270158 930270158 1262505720 934732232 934732232 934732232 934732232 930270158 43172149 43172149 -177246914 -177246914 -177246914 -177246914 -368379128 -368379128 -368379128 -294507506 -294507506 -294507506 296485798 296485798 1374716021 1374716021 796543680 796543680 -13420728 89562308 89562308 89562308 456279094 1281933607 1281933607 690940303 -93218409 -93218409 39702243 -331277841 -331277841 1388098701 -57979078 -535311987
50 47
-368015636 980012220 633095061 232865820 -887749927 -887565032 895653769 -381383524 565058766 -408302070 75643128 -772932696 -51022967 -819045234 687244754 322960242 657600013 -249795615 979092614 -54935934 567744083 -768216378 -919289977 495681403 261577582 -252580351 -494671802 -590885057 -294502594 -880622955 -332781045 -360618340 -335018495 735486018 247741607 -73867994 283545468 669514577 -359072913 -123878105 -960017861 -456226294 -792109168 -718252164 -126007409 -580245214 -615383276 316912584 473167415 -562586894
1 12 23 -10746740
2 30 46
2 7 14
1 2 21 -565966561
2 1 22
1 9 30 -172460058
2 3 8
1 41 45 821880541
1 25 33 691190812
2 27 28
1 28 29 -120982862
1 32 49 312724245
1 6 6 983598181
1 4 34 -782024499
2 29 39
1 6 11 -183471152
1 5 13 175916251
1 10 38 10695423
1 9 12 -110141988
2 14 27
2 8 9
1 2 28 918374699
2 33 47
2 3 28
2 15 32
1 9 42 -958563422
2 17 32
2 17 25
2 35 35
1 12 35 333158720
2 12 27
1 32 40 881352352
1 31 43 587674012
2 7 9
2 3 8
2 27 34
2 19 29
2 25 45
2 4 47
2 20 45
2 4 26
2 14 50
1 16 33 -431478669
2 24 34
2 31 32
2 3 36
1 3 47 8920740
-368015636 1332420358 1642409548 860385049 1036301300 1836428329 852830148 852830148 610525982 46206314 46206314 46206314 46206314 980783417 980783417 549304748 549304748 549304748 549304748 549304748 549304748 549304748 549304748 678135445 678135445 678135445 678135445 678135445 678135445 678135445 678135445 1590373039 1590373039 1536317625 2112685395 1779526675 1779526675 1779526675 1768831252 1768831252 1709359441 1709359441 2667922863 2080248851 2080248851 1258368310 980783417 971862677 971862677 971862677
46 50
47611668 -873634749 174243348 21173743 790678723 989930856 -826671117 105801961 367025629 382767611 186751809 -883474623 -119791285 -806178664 -828872566 -358749593 704090065 730579449 45753287 560317109 -143171710 -868761559 557707352 107180170 -132927653 180257485 475233099 -896370984 -86375901 -908172367 -553544435 -475277028 549954498 488787383 184334664 269323058 912460166 604497616 -355792028 -539091411 775579847 -839411351 190371725 647208497 -444486049 237498941
1 9 18 -786253669
2 33 46
2 2 24
1 20 24 7243334
2 4 29
2 23 32
2 15 46
1 18 29 -510251238
2 22 31
2 3 26
2 11 14
2 5 43
2 13 25
1 19 36 -525668627
1 12 41 472810728
1 33 36 56932072
1 8 10 813059139
1 14 21 -210693678
2 5 45
1 3 26 -361699226
1 8 25 869193241
1 3 34 174891553
1 8 33 822459517
1 13 43 862121720
1 34 45 -961055460
1 27 40 35074964
2 4 19
2 19 32
2 10 32
2 27 42
2 20 43
1 34 42 -24981591
1 2 4 998529019
2 11 37
1 31 34 708972328
1 1 45 22085031
1 12 31 -441583510
2 11 43
2 21 29
2 9 13
2 10 26
1 42 44 -307277178
2 20 32
1 44 44 -580242131
1 40 41 -802514230
1 8 20 791187523
2 37 44
1 13 44 695038463
2 8 37
1 2 13 506112635
69696699 2414906833 2228099160 2228099160 1229570141 1331320849 1229570141 4525469561 4525469561 4525469561 3712410422 3743637640 5300797823 4583991510 4583991510 4583991510 4583991510 4176436553 3727592650 3727592650 2936405127 3581670099 3581670099 3581670099 3581670099 2712476858 3109251048 3109251048 3109251048 3109251048 3818223376 3686142470 3874672247 2005008564 1050714093 1050714093 2013554021 1705591471 1519450648 964485409 1039084508 964485409 964485409 964485409 -645072091 237498941
48 48
158635732 840264303 576725571 -399122541 980091591 61945797 -54272138 -527161245 -82595192 -600209386 681110369 410168282 -885811770 939342411 -39987256 886410115 -458301131 -915831683 -554800334 -156968100 420319591 248060005 -420726884 -451895447 -372479519 -568882495 19725870 -542493677 -686892905 734026587 869394699 -848000652 940477945 738545351 -886112887 -392345114 632799184 431433303 -668257983 986686107 251986068 772679144 232930932 484226391 -255854880 573267176 270237474 212711424
1 2 15 -985902913
1 32 39 640561711
2 33 35
2 44 47
1 11 11 -464016077
1 10 48 -297534213
2 32 47
2 28 31
1 7 47 260976634
2 3 32
1 10 20 -690076494
2 2 23
2 13 19
2 9 11
2 23 41
1 41 47 -792056448
2 22 47
2 19 40
1 21 48 585869788
1 9 28 -360562463
2 25 28
2 26 47
1 21 23 -139897892
1 1 47 -403556967
2 15 33
2 8 39
1 17 21 790143906
1 23 35 476382782
1 6 47 548892693
2 5 5
1 17 18 396730174
2 22 30
1 2 36 726937623
2 31 46
1 21 30 -262880224
1 5 39 -448516926
2 2 16
2 26 45
1 31 39 -462872688
2 12 39
1 16 40 -434050290
2 15 24
1 29 47 -103480790
2 4 21
2 27 47
1 24 39 215300756
2 22 47
1 22 25 -15952542
-244921235 298826512 298826512 298826512 115780072 399202279 399202279 1174608264 1174608264 1174608264 1174608264 1174608264 1174608264 1174608264 1174608264 740557974 1927432054 1927432054 1530701880 1530701880 1267821656 461725208 938107990 1153408746 1153408746 1305646286 1305646286 1305646286 1202165496 1598367453 1533743101 1386954032 2245388058 2043455464 1386954032 910571250 734388892 533023011 183633627 1143802962 928991775 928991775 928991775 928991775 928991775 928991775 928991775 501046999
48 46
875174407 68875009 340701320 236308676 291249964 -95601510 -163528445 -390946110 409301206 -678233619 -391166942 990638342 -690707594 748531161 709924382 774411772 658178560 711969786 -157166426 -874171967 -794184924 386736210 -836889511 944020978 398916508 312114618 601064107 617282364 -897394643 387300522 -612719088 -887271055 6479253 701136415 -736431734 169358635 844322355 15188157 669934985 647563235 753124394 885095478 245882066 505707551 -130619990 -347055339 -382000562 35951395
1 16 36 387683753
2 11 23
1 25 29 550454205
1 5 35 530438808
1 27 30 225000011
1 24 25 -621800645
2 5 45
2 26 41
1 24 31 -125330091
1 2 36 668983908
2 35 44
1 10 18 -940751263
2 1 14
1 36 44 537186323
1 1 14 790584273
2 36 48
1 21 45 90177864
2 33 48
1 5 43 -889266749
2 7 19
1 10 37 255893972
1 35 36 124030530
1 9 26 587467124
1 18 27 -841027999
1 31 38 853004479
2 1 34
1 19 21 -287497629
1 31 31 -155270307
2 1 20
2 22 31
2 18 29
1 5 24 115746156
1 12 34 -294967377
1 5 7 889419246
1 10 30 623980902
2 28 46
1 16 19 952921415
2 45 46
1 5 14 -669156183
2 9 43
2 10 38
1 17 45 -625909451
1 5 43 -166576347
1 12 33 -134879216
1 23 48 -672080472
1 10 30 -864636575
1665758680 1528443190 1800269501 1695876857 1561423076 1551364057 1551364057 661944811 1377522196 435482576 539057225 603499775 109210632 361392594 201357725 1606450283 864307620 331570854 310071236 -642850179 -735723410 -170155017 -1120306253 -1032081457 -1142477878 -607479123 -680996747 176249509 -1235907779 -604186538 -297517934 -16917536 8982425 838518803 536959587 1074145910 281131472 25237500 -827766979 -827766979 -827766979 -841373354 -914839079 141004017 -367045851 258863600 -251419486 -251419486
48 46
-171706339 810281492 866007020 -319890114 -828705907 235483054 659171967 920251480 -404484267 238985835 71551512 477317847 -912436564 -710584963 317221216 953500232 842423927 279598629 888319813 119494082 540128432 -448543930 -941966183 -826945871 211561923 -107839081 805040592 -365118484 -24514159 -185320412 29283817 -724734641 -503154048 -528102466 849653419 511434215 176657960 -923294102 -505992723 -113984890 -495498128 -624682784 -415895001 524704599 -123594666 -113131066 -613870433 556307191
1 5 48 431369072
2 28 47
1 8 27 47711352
1 16 26 637850428
1 12 12 -568212254
1 12 15 198126385
1 13 30 519744878
2 1 37
1 22 45 149603254
1 20 28 -945504420
1 8 28 -978498178
1 27 36 948358460
1 27 43 -857961121
1 14 42 -896893668
1 3 44 826931486
1 16 20 868310474
1 20 30 -890999623
1 25 46 472152153
2 5 36
2 25 46
1 9 47 -153301776
1 22 36 -715816812
2 15 38
1 6 33 -761939976
1 21 33 -933454693
1 7 27 215463555
2 19 31
1 4 47 -817556105
2 20 41
1 15 32 -516086280
1 8 23 894214899
2 1 27
2 28 34
1 23 42 -452655713
1 7 39 902357578
1 21 45 -929385558
2 40 46
1 3 21 777360376
1 6 7 873230744
2 2 19
1 3 21 -646150725
2 7 12
2 15 46
1 2 3 749400039
2 28 39
2 8 43
887525167 1636925206 2595066343 1028110199 1028110199 1139400967 2460237972 1811514814 1146406301 1146406301 1146406301 1146406301 1146406301 790126204 790126204 2304387622 2193311317 1630486019 2239207203 1103040828 790126204 790126204 790126204 790126204 790126204 790126204 790126204 790126204 790126204 790126204 790126204 790126204 790126204 790126204 790126204 790126204 790126204 790126204 790126204 790126204 790126204 790126204 790126204 504517125 470389684 470389684 -1153359242 987676263
46 48
886776682 562196155 273657302 -496203143 364213222 -203712679 904295845 -316061805 398327864 35221535 -380589204 -454745812 -321212620 425791616 852813418 599890443 738888617 519338410 -86291095 686164689 596357728 -446573934 -297187917 -839170653 -539537221 -649005355 -60123599 49693601 954972130 -89186229 111188234 -619116236 -567110314 -526621047 557074275 338275087 936730603 -342440153 473396945 -735387809 -288377351 717960933 132224557 74678534 401716453 -936906278
2 17 19
1 26 35 816104692
1 4 34 -187154776
2 18 24
2 8 28
2 23 38
2 13 17
1 40 43 -973456341
2 29 38
1 22 43 327911365
1 10 15 991647105
2 7 42
2 12 31
2 38 39
2 8 39
2 6 17
2 13 40
2 9 24
1 22 46 -420289471
1 3 5 726868915
2 5 21
1 30 41 476739415
2 8 41
2 28 38
1 12 24 -282939735
2 2 16
2 22 46
2 17 28
1 2 7 366862276
2 10 33
1 9 45 -566787101
1 7 19 -68274968
1 6 25 530325002
1 34 44 -883734595
2 37 43
1 14 18 202950717
1 7 35 -282837649
1 30 45 895727187
2 5 24
1 9 46 615038994
2 7 43
1 15 27 -818605894
1 4 32 388014450
2 28 41
2 34 35
1 19 30 -769096836
1 28 42 -533701347
2 20 41
886776682 929058431 1367388493 798387722 1658804087 1683923066 1651230180 1271692924 1319944817 2181146111 2181146111 1898206376 1898206376 2101157093 1374189563 464681424 464681424 464681424 -490574976 525185895 525185895 525185895 525185895 525185895 525185895 525185895 525185895 525185895 525185895 950552348 1719649184 1719649184 1331634734 525185895 1001245765 730737788 1736619257 1736619257 1736619257 1736619257 1736619257 1736619257 2270320604 611109206 1494843801 1165903715
50 50
813839123 549193899 990433829 418956928 618004503 -940457662 819219622 -175309405 536106085 945283960 102170491 -449784409 -53549460 -22326493 -506571386 421313023 639286331 -393156032 -768650953 -980596179 952511081 -972271017 801022841 848290521 32110931 862202104 204195667 304666711 880215629 -491151177 914920434 -786977752 843612412 819485207 -49572371 21186930 -959146187 524689317 -574539051 6599754 -213762460 -101271578 -469535799 765729110 703839681 913658093 707431385 -160013922 -416039723 23488129
2 16 20
2 27 40
1 12 39 568560270
1 3 50 853977016
1 37 49 63984300
2 25 45
2 1 1
1 24 45 944621597
2 9 16
1 20 21 -682826871
1 18 38 -934721599
1 5 23 -136934611
1 16 16 327661070
1 34 39 618201198
2 4 48
1 8 29 -918463172
2 4 44
2 41 49
1 4 6 -533569135
1 17 22 586708694
2 10 30
2 15 23
2 15 22
1 45 48 -691306483
1 6 34 -326533373
1 29 29 641059590
2 18 23
2 41 43
1 25 29 -203870468
2 41 48
1 2 34 127736133
2 3 37
1 18 28 -744795584
1 33 38 477274129
1 16 49 181914961
1 11 38 -710914710
1 33 41 175607575
2 38 46
2 13 16
1 23 37 637208811
1 13 20 753512691
1 43 46 -609986037
2 18 45
2 19 48
1 21 25 -883168571
2 20 33
1 12 21 -693328248
2 43 47
1 10 17 871093719
1 25 47 425274865
907308683 676930032 1972146978 867100942 929213906 -87938795 1337464787 337693618 337693618 1416159672 497872627 -195455621 673156836 673156836 816472529 1319594769 1796615701 -289208578 -289208578 -289208578 -1392417761 -699089513 -699089513 -356287700 -273814648 762196851 609353923 609353923 2166065550 1719757711 2682044405 1719757711 3263618087 3857692080 3189637853 3258191043 3253622153 3188468919 3784775522 2651980068 2431617854 2368501161 1390250903 2625515812 1872319900 1137516715 1541276044 379894902 683836554 877465145
49 48
960546018 16520838 735181697 -993839278 713936257 -15451098 131054654 -365347478 552571936 -728830310 891528484 830378822 -312739269 904052212 -511428433 386886995 811895263 37710233 982399364 219731499 -501863296 378658138 682076016 673569110 38441424 -9217297 617914446 -418874359 -585838015 -74804624 -212842675 510436503 961299195 -707772677 -621575586 911224611 -444914211 401798047 336315107 459729203 -384068666 295932015 -352036499 210270351 479223647 763485841 16031740 820391917 -748367036
1 17 49 -460803480
1 24 40 -504145941
1 3 45 441319069
2 2 22
2 40 47
2 40 41
1 7 33 446390052
2 4 24
1 2 39 -149410025
1 15 19 -44049500
2 2 13
2 30 48
1 24 44 141936251
1 33 41 -715400764
2 38 40
1 2 19 228185046
1 2 11 508686856
1 24 27 -459831801
2 18 29
2 39 45
1 30 47 216225944
1 6 29 31834011
1 25 44 -139034348
1 5 8 394725917
2 6 42
1 3 11 188466475
2 6 43
1 13 31 859105638
1 21 22 892213986
2 11 20
1 17 38 -651351051
1 1 45 -794994728
2 22 34
1 11 28 598341170
2 6 19
1 16 37 598741612
2 2 36
1 12 27 320022969
2 18 35
2 2 39
2 17 17
2 8 19
2 15 48
2 25 37
2 23 30
2 35 48
2 20 46
2 9 33
165551290 680524186 1157434390 680524186 1530914867 833361523 1426257327 929855195 1453048692 806704974 2390346410 1952066386 1668053933 2884845414 1425315269 2922372309 2235226046 1461041016 2405730147 1458926736 2259594144 2510067361 2296767235 2296767235 2296767235 2296767235 2296767235 1976744266 1378403096 1378403096 1378403096 1378403096 1378403096 1378403096 947857338 947857338 947857338 947857338 947857338 947857338 947857338 947857338 947857338 947857338 947857338 947857338 947857338 947857338 -1209170516
50 46
-740643840 897056615 -944431765 180797323 337237586 -642887087 57928729 286144045 -760696369 -171832105 -350031902 86095723 -31456441 -62742911 639533875 784331172 977646052 682602598 912247836 -257370320 642697805 -157393041 989014589 -838166935 563702581 -492010978 -503234616 -789548963 -459782345 -243165921 981085907 8783159 558547107 981889903 -388184605 -494161920 -383850639 536144572 -83181265 59752237 242849169 284399223 -399980027 167703227 -154831652 -926220102 106562778 537846292 321893574 -431374454
1 30 45 -470730519
1 12 23 -374165262
2 11 43
1 34 46 85931260
2 2 13
1 31 36 427260045
1 40 47 -408562228
1 14 29 664476820
1 12 13 -605961704
1 6 6 937289505
2 33 49
2 19 35
1 15 36 -814816916
1 43 45 -672514128
1 3 9 117344430
1 15 47 230360405
1 23 39 -645821986
2 18 39
1 6 36 809891233
2 27 28
2 45 47
1 4 36 308988069
1 13 23 365497281
2 3 18
2 4 24
2 35 48
1 24 42 -966698393
2 3 35
1 26 50 848873835
1 8 24 868549067
2 11 20
2 45 47
2 5 26
2 3 33
1 12 12 -823616138
1 12 43 239887143
2 36 47
2 27 33
2 10 37
1 5 44 509715554
2 3 27
1 31 32 854873688
2 3 29
1 29 34 -883815733
1 24 28 98701415
1 10 16 193915786
-740643840 897056615 726698752 726698752 1273285639 2361823457 1803868015 2900632398 2293083019 2519227604 2413034080 1488547852 2412456800 3682895324 3641833055 3786630352 3786029446 3490985992 3720631230 3266063265 3451081199 3266063265 3151575997 1663261891 1575002864 1643586659 1643586659 1643586659 661069511 661069511 1515943199 1515943199 661069511 661069511 1544885244 1544885244 859182645 859182645 859182645 1177143058 1177143058 1177143058 1825881038 1585993895 1548853382 1548853382 1548853382 1386720127 1170767409 417499381
50 46
-319903847 -124585216 -531097935 601329192 471365256 -884745092 -723425850 -939607611 776432363 59164494 -479134997 472070308 -974805593 -936143644 -216365218 -161333664 -881390453 -885859458 -537739319 964709812 -495673407 687524251 -189386209 554413954 -936232924 -577014274 -544307404 99429593 133681813 -443322626 -640102880 -920012557 -902964254 -904684810 -686381741 -508141190 458038809 -609768548 609742474 761836444 -26965211 -541315368 410543609 -612073123 375905903 508049004 438353999 754432835 530857946 -512551102
1 33 41 804060737
2 39 42
2 29 35
2 41 47
2 10 44
1 9 30 336731573
1 25 28 -809003677
2 35 47
1 5 35 434414751
1 17 28 191055361
1 9 46 559688212
2 25 48
1 5 17 994206302
1 20 34 209540220
2 16 49
2 14 16
1 13 24 301720882
2 16 17
1 17 40 916248767
1 6 46 -952673224
1 23 26 574593316
2 37 42
1 44 49 41736194
1 36 41 -367189628
2 37 38
1 9 17 -311102810
1 3 25 -78369774
1 11 32 243996796
1 16 20 888431230
1 10 46 452323
1 22 35 708423308
2 35 43
2 17 40
2 32 46
1 16 20 -630692835
2 43 44
2 3 8
2 15 15
2 23 28
2 21 30
2 2 9
2 6 32
1 24 37 807896797
2 34 47
2 15 30
1 11 32 -374528703
-319903847 668711595 668711595 668711595 1821616535 668711595 668711595 668711595 1759327393 1644865671 1514333764 1514333764 1816054646 1816054646 1816054646 2073793041 3181097169 2497993677 2497993677 3010725391 2449795502 3184224743 3732812126 4540708923 3429984364 3508354138 2933760822 2933760822 3551709138 3551709138 3214977565 3214977565 3345509472 3345509472 3418836243 1908808556 2226522793 1100911759 1570329661 1722423631 886771725 886771725 886771725 886771725 886771725 886771725 1036214600 861860386 572594140 -512551102
48 46
-898966247 777145433 -879445229 -955213971 -330312634 89892185 -837781718 340117885 -318160777 159115973 -634915263 952411737 -918545678 -785826785 730590594 733393624 -84132379 846838484 -208032039 -629899489 -960483033 -620879130 -415357644 -578269985 -46590291 -640120117 -958052807 -864769249 -440007988 -914073512 -163680523 -339846937 802409421 87749927 806345673 929351364 98048091 -760152584 -806218840 -108717683 514343048 590982399 611492696 765418789 -458897201 761230600 145660179 -791636566
1 18 33 -50256784
2 10 29
1 10 24 -253979255
1 18 48 924603979
2 32 48
2 25 34
2 18 26
2 18 46
1 22 28 524659398
2 1 46
2 11 21
2 24 45
1 26 44 237772341
1 15 34 -127502661
2 4 29
2 36 45
2 26 36
1 4 16 941424373
2 12 32
2 10 12
2 44 45
2 40 45
2 12 39
2 10 23
2 12 44
1 35 36 426081491
1 12 41 216516886
1 23 44 -190332577
2 1 41
1 25 46 676616080
2 15 35
2 5 25
2 2 28
2 15 39
1 7 37 739673492
1 6 41 122944321
1 14 25 690133019
2 6 47
2 9 23
2 8 16
1 13 39 506539161
1 23 45 727112292
1 8 9 -250442913
2 18 22
1 22 29 655613094
1 13 36 -608552568
-776326319 777145433 711074021 1528169774 1528169774 1651114095 2390787587 2140344674 2140344674 2390787587 2390787587 2718991554 2505291066 3195424085 3195424085 3195424085 2253999712 3006958074 2253999712 2253999712 2253999712 3032424530 3569204245 3569204245 4761176841 4186120118 4186120118 4186120118 3661460720 3005847626 3011453439 3005847626 3977543383 3313140673 4585320571 4708326262 4059494066 2461619899 2415553643 2606515639 3229576370 2966754514 2987264811 3141190904 2361482263 2362450659 1070264158 132967413
