500 600 2
2 1
3 1
4 1
5 2
6 2
7 3
8 4
9 1
10 4
11 10
12 11
13 4
14 3
15 4
16 15
17 13
18 1
19 5
20 2
21 20
22 17
23 15
24 21
25 18
26 22
27 13
28 24
29 25
30 29
31 13
32 21
33 25
34 26
35 19
36 20
37 1
38 3
39 16
40 12
41 3
42 38
43 15
44 1
45 6
46 4
47 40
48 44
49 41
50 46
51 27
52 41
53 32
54 21
55 29
56 40
57 20
58 1
59 23
60 23
61 33
62 31
63 55
64 38
65 20
66 27
67 60
68 54
69 39
70 16
71 58
72 4
73 29
74 47
75 46
76 50
77 52
78 15
79 19
80 36
81 34
82 18
83 48
84 36
85 74
86 16
87 24
88 29
89 39
90 74
91 40
92 68
93 89
94 45
95 51
96 1
97 61
98 56
99 64
100 39
101 33
102 27
103 94
104 70
105 104
106 6
107 45
108 97
109 78
110 107
111 49
112 39
113 16
114 98
115 16
116 42
117 93
118 53
119 53
120 70
121 112
122 101
123 51
124 51
125 56
126 61
127 34
128 18
129 83
130 45
131 14
132 45
133 92
134 20
135 119
136 49
137 35
138 90
139 17
140 25
141 126
142 61
143 50
144 114
145 33
146 55
147 64
148 112
149 110
150 54
151 148
152 60
153 140
154 152
155 125
156 47
157 48
158 55
159 1
160 56
161 48
162 63
163 132
164 22
165 110
166 89
167 153
168 132
169 138
170 64
171 85
172 109
173 95
174 168
175 12
176 65
177 54
178 35
179 88
180 47
181 83
182 142
183 144
184 59
185 174
186 97
187 31
188 103
189 19
190 186
191 168
192 66
193 176
194 159
195 71
196 93
197 124
198 15
199 189
200 39
201 87
202 182
203 62
204 132
205 2
206 106
207 122
208 69
209 83
210 122
211 43
212 86
213 92
214 183
215 88
216 101
217 155
218 85
219 202
220 208
221 90
222 14
223 45
224 16
225 219
226 81
227 146
228 8
229 219
230 215
231 50
232 109
233 206
234 21
235 164
236 67
237 236
238 151
239 88
240 12
241 139
242 207
243 17
244 203
245 34
246 144
247 216
248 102
249 169
250 46
251 50
252 152
253 206
254 237
255 76
256 105
257 193
258 67
259 17
260 141
261 217
262 172
263 211
264 12
265 126
266 212
267 54
268 243
269 8
270 68
271 189
272 250
273 32
274 69
275 6
276 203
277 200
278 241
279 70
280 43
281 74
282 203
283 113
284 131
285 65
286 159
287 253
288 132
289 108
290 173
291 272
292 251
293 173
294 51
295 152
296 79
297 274
298 129
299 282
300 3
301 193
302 241
303 103
304 174
305 253
306 235
307 51
308 132
309 219
310 77
311 95
312 269
313 148
314 223
315 271
316 127
317 46
318 142
319 275
320 157
321 300
322 290
323 275
324 25
325 95
326 234
327 66
328 9
329 287
330 202
331 127
332 150
333 301
334 163
335 66
336 217
337 291
338 23
339 250
340 31
341 53
342 231
343 69
344 2
345 282
346 203
347 133
348 56
349 343
350 198
351 217
352 351
353 77
354 197
355 50
356 347
357 28
358 57
359 231
360 292
361 275
362 250
363 120
364 167
365 71
366 152
367 105
368 228
369 249
370 60
371 355
372 139
373 166
374 82
375 21
376 216
377 343
378 95
379 20
380 345
381 35
382 38
383 361
384 363
385 359
386 235
387 271
388 115
389 253
390 40
391 66
392 119
393 357
394 157
395 369
396 140
397 158
398 109
399 217
400 266
401 236
402 41
403 30
404 380
405 236
406 114
407 95
408 135
409 17
410 209
411 371
412 279
413 130
414 120
415 106
416 277
417 265
418 2
419 276
420 398
421 222
422 380
423 265
424 176
425 162
426 43
427 101
428 3
429 118
430 327
431 356
432 341
433 97
434 243
435 237
436 130
437 243
438 171
439 302
440 323
441 123
442 97
443 63
444 207
445 152
446 429
447 17
448 78
449 16
450 192
451 433
452 267
453 352
454 181
455 37
456 327
457 419
458 42
459 268
460 203
461 39
462 22
463 171
464 450
465 121
466 256
467 401
468 86
469 434
470 170
471 78
472 32
473 99
474 295
475 446
476 250
477 470
478 357
479 192
480 466
481 331
482 30
483 304
484 260
485 325
486 450
487 161
488 52
489 25
490 387
491 446
492 50
493 85
494 118
495 9
496 104
497 443
498 30
499 150
500 442
273 474
401 293
177 62
391 218
415 327
273 81
216 262
1 425
376 35
406 50
111 270
132 176
77 194
84 92
428 224
439 248
400 170
429 159
80 113
164 433
161 347
415 333
16 305
384 209
440 46
232 365
6 211
337 78
8 307
381 484
261 432
43 239
426 173
417 131
491 256
51 13
455 370
451 405
105 302
34 227
310 432
208 167
1 127
385 337
355 218
8 402
410 17
145 172
243 363
75 82
281 192
433 101
410 5
430 448
41 437
155 428
104 97
448 264
61 48
116 225
99 180
170 328
352 26
169 57
325 172
360 436
49 435
248 53
49 24
277 130
118 243
449 476
379 244
317 227
96 90
358 9
192 393
281 466
99 99
26 128
456 90
153 171
88 149
458 478
74 234
469 164
361 429
93 27
378 441
159 17
179 478
485 182
67 470
22 217
258 197
317 155
302 25
294 136
178 5
157 135
414 212
