30 40
1 2 2 2 2 2 2 2 2 2 2 2 2 2 2 2 2 2 2 2 2 2 2 2 2 2 2 2 2 2
1011111111110111111101011111111111111111
1111110111111111111111111111111111111111
1011111011111111111111011111111111111111
1111110111111111111101111110111111110111
1101110111111011111111111111111110111111
1111111111111111111111101110111110111111
1111101110111111111111111101111111001011
1001111111111111111111111101111111101111
1111111110111011111111101111111111111111
1111111111110111111111101111011111101111
1111111111111101111111011111110111111011
1111111111111111111101110111111111111111
1111110111111111111111111111111111111001
1101110111111111111111111111011111111011
1110110111111111101111111111011110101111
1111111111110111111111111111101111111111
1111101111111111111101101101101111111111
1101111110110011011111111101111111111110
0111111111011011111111101111111111011111
1111111111111110111111100111111110111111
1111111010111111011111111111110110111111
1111111111111111111111110111111111011111
1111111111111111111101111111111111111111
1111111111111111111011111111111011101111
1111110111111011111111110111111101111110
1111101101111111111110111111111111111111
1011111111111111011101011111111111111111
1101111111111111111111111111111111111111
1111101111111111110111111101111111110101
1111101111111110111111111011111111111111
