30 40
1 0 1 2 0 1 1 2 0 2 1 0 1 0 1 2 2 0 2 0 0 1 0 2 2 2 1 1 2 1
1011011111111111111101111010111101111111
0111111111111111111111011111111111111100
1111111111111111111111111011111110111111
1111111111111001111111111101111111111010
0111111011010111111111011111110111011111
1101111111111011111111111111111110111110
1110111111111111111111111111100110111111
1111111111110111110111111111111101111111
1111111111111110111011111111111111111111
1111101111111111111101111111111111111110
1111011011111111111001111111110111111111
1111101111111011111111111111011111111011
1111101101110111101111111111111111111001
1101111111111111111111111111111111101111
1011111111111111111110111101111111111101
1111101111111100111111110111111110111111
1111111111111111111110111011011101111111
1111111101111011111111111011111111111110
0111111111111111111111111011111111011110
1111110110111111111101111101111111010111
1101111111111111111111111001111111111111
1101111111100111011110111111110111111111
1111111011111111111111110111111111111111
1111111101011111111111111111111110001111
1111111101111110111111111111111111111111
1111110111011111011111111111111111111111
1111111111010111111110110011111111111111
1111101110110111111111111111111111101111
1111111111111111111111111111111111111111
1110111111111011111111111101110111101111
