1000
8641 8641 49131 48198
9533 9533 5350 3035
5324 5324 35420 49481
6951 6951 25976 49056
6164 6164 13299 25284
7951 7951 38196 22464
3382 3382 15620 7236
1905 1905 46001 15517
6530 6530 16727 27351
9611 9611 43018 11206
567 567 5311 10694
5814 5814 47926 23926
3984 3984 16724 30942
8454 8454 14978 15402
8912 8912 34875 7112
4681 4681 21627 7430
8099 8099 38227 7484
4603 4603 37932 38689
1244 1244 37783 17788
7657 7657 39097 33561
6928 6928 46124 19410
7582 7582 15501 16278
5500 5500 6075 41065
1627 1627 28698 27264
1968 1968 40594 37978
7118 7118 6758 44506
6350 6350 355 43222
8341 8341 18118 41037
8514 8514 27362 31661
340 340 106 25107
9156 9156 5429 17614
3818 3818 26909 21690
6860 6860 44654 21195
6814 6814 11537 47610
1691 1691 20879 25800
8487 8487 46687 17854
8852 8852 2493 25889
5721 5721 46140 1704
5157 5157 33732 31380
1096 1096 41844 17170
5405 5405 13734 42994
7189 7189 41686 20438
6138 6138 4891 24189
8163 8163 19154 21378
6184 6184 31955 21713
5894 5894 13523 9740
4019 4019 49935 20604
3383 3383 48171 44364
9054 9054 9532 1873
6328 6328 25257 260
6447 6447 14956 4167
9998 9998 7444 29898
4513 4513 35522 26084
3099 3099 20005 214
1823 1823 37952 30719
1511 1511 431 18140
8525 8525 33787 4069
8780 8780 38460 39762
5905 5905 6425 46284
3716 3716 12389 27226
4354 4354 15885 40271
9836 9836 27834 34435
3895 3895 21296 6015
3847 3847 21590 35627
7130 7130 684 49610
8313 8313 49497 21744
2428 2428 26271 17578
9290 9290 4184 7495
3479 3479 42451 11266
3756 3756 36144 39941
3575 3575 4690 15834
8738 8738 33763 43495
1751 1751 26442 32740
1722 1722 28420 1690
1199 1199 44902 20469
2525 2525 8205 22007
6251 6251 16517 1491
2023 2023 46868 44416
8058 8058 5266 36399
6901 6901 1470 7902
600 600 4006 35537
6555 6555 6820 16953
183 183 34480 17479
7841 7841 25126 40149
3060 3060 34923 40119
4201 4201 25888 8091
4769 4769 17092 22098
946 946 37388 44425
1495 1495 41559 48213
7534 7534 37853 44728
7842 7842 28138 23052
6149 6149 13700 2256
8293 8293 13197 30516
1457 1457 42950 23322
4825 4825 3700 36974
9943 9943 38687 16973
9323 9323 2486 8357
611 611 11188 2943
5166 5166 37506 10817
9252 9252 47617 9073
4559 4559 45251 41754
2782 2782 16956 29618
9603 9603 39623 45113
7054 7054 19552 49381
1011 1011 3260 30803
9319 9319 30382 422
6061 6061 6172 16939
3697 3697 36318 18792
7397 7397 11444 48646
5791 5791 38696 42147
7023 7023 28268 23528
9195 9195 44833 44507
7742 7742 29898 27497
4786 4786 32424 1120
4368 4368 42966 34838
2138 2138 44595 9305
8978 8978 32055 8105
6921 6921 31856 42121
5182 5182 35812 13933
2029 2029 43333 35247
1433 1433 38078 30467
6322 6322 45060 3901
4511 4511 41930 15582
4207 4207 26058 12459
183 183 38397 48509
4577 4577 47569 25801
8529 8529 44996 48194
7418 7418 37047 5760
4405 4405 22464 46563
2418 2418 34072 7940
7600 7600 45154 6184
4548 4548 49432 11358
7204 7204 42114 22247
8776 8776 2766 38146
1469 1469 35261 35734
1865 1865 49601 8094
4399 4399 16630 27625
7176 7176 12048 43641
2337 2337 37640 40643
6218 6218 24919 48694
4147 4147 16934 34603
6295 6295 20319 9342
9290 9290 39935 43826
8906 8906 32209 26554
6021 6021 14363 859
4832 4832 24312 6213
5741 5741 366 42140
9937 9937 1497 23645
4939 4939 9377 27845
1064 1064 47161 7393
9538 9538 28127 9158
7984 7984 41671 14131
6071 6071 33599 25483
6243 6243 13680 27076
6847 6847 43355 27404
7624 7624 26031 14856
7568 7568 28282 42251
3440 3440 2019 26211
1818 1818 32864 18902
7940 7940 6724 30693
8042 8042 22113 34442
5508 5508 17044 4059
204 204 33284 9735
1047 1047 33317 4306
8513 8513 45734 12249
1950 1950 49116 1826
1817 1817 37724 31082
2772 2772 8780 26430
9241 9241 47814 25920
2345 2345 26501 26793
8284 8284 20833 22070
6979 6979 40313 41340
9894 9894 1829 6685
8138 8138 29853 47908
829 829 5055 35426
2826 2826 10378 45699
4620 4620 8860 27409
6992 6992 45735 8463
2328 2328 26163 25204
4713 4713 7349 39279
5697 5697 42746 30212
9681 9681 16644 12803
530 530 40255 17011
726 726 45261 30916
527 527 13043 39374
7048 7048 13806 29632
4529 4529 26752 45682
8183 8183 34690 11734
7458 7458 8038 16805
8503 8503 38470 47694
1589 1589 26951 36114
9325 9325 13638 3076
9329 9329 48335 32768
1471 1471 11729 48275
5016 5016 25227 4822
1680 1680 49984 10812
1152 1152 16455 3398
4375 4375 4896 13671
1222 1222 26614 31850
2436 2436 29708 38382
7402 7402 1947 36713
7172 7172 42064 101
1913 1913 21202 4199
3264 3264 74 23219
1702 1702 1045 19247
5385 5385 47728 48306
2209 2209 45242 24006
2202 2202 17136 13428
8758 8758 22336 43355
3003 3003 16487 17366
6623 6623 11421 13649
1337 1337 3437 23211
8971 8971 20809 31181
8273 8273 12824 15462
4594 4594 19707 32258
4480 4480 7415 4931
3572 3572 26464 7196
9554 9554 16753 45195
3780 3780 35058 25330
7921 7921 45275 24932
9541 9541 8676 48065
8167 8167 48817 1812
5797 5797 24485 45014
1310 1310 9797 44853
7975 7975 42905 6521
3982 3982 40321 13318
4091 4091 5331 18178
2570 2570 45074 9095
996 996 22151 41008
202 202 8081 11535
1999 1999 5859 33754
6810 6810 15891 7159
3492 3492 27760 4185
6412 6412 9186 14678
4039 4039 29082 22729
2987 2987 30967 49957
9610 9610 44983 29328
1674 1674 46576 19899
210 210 8109 16443
5285 5285 17932 11549
8571 8571 14292 44921
3518 3518 9265 17848
9033 9033 19143 26943
5660 5660 27117 30628
7587 7587 35402 32988
4334 4334 33711 8102
5741 5741 1322 10679
3460 3460 28920 5613
8490 8490 19338 6146
2444 2444 34208 26521
9889 9889 40417 21794
8023 8023 19400 46456
3154 3154 15391 23165
5321 5321 28775 21956
2428 2428 593 39971
7062 7062 35927 47416
3272 3272 24042 16975
4358 4358 45071 3037
8397 8397 47112 47237
1833 1833 3248 36882
3960 3960 45593 15711
7208 7208 41413 13584
9992 9992 45025 27244
8779 8779 48627 41087
3006 3006 21493 15318
3989 3989 31967 5160
8933 8933 46220 24894
5251 5251 32896 23962
3365 3365 12417 33549
1005 1005 37614 19257
7613 7613 25105 41621
2198 2198 42234 47280
8961 8961 47345 38053
1107 1107 30442 8048
7875 7875 39276 15651
69 69 26415 47913
9998 9998 4206 36630
8849 8849 18320 30520
5870 5870 42821 2890
7966 7966 28457 32250
2866 2866 9042 28888
1590 1590 3761 40337
877 877 43024 6834
2528 2528 35163 9794
2717 2717 16839 13183
6744 6744 40441 42575
8170 8170 20171 41646
4173 4173 5503 9885
2892 2892 35020 22840
9767 9767 25764 33261
1153 1153 29849 6943
2498 2498 38717 5304
5152 5152 10435 8802
3901 3901 616 42216
7462 7462 791 18468
3046 3046 3328 23057
1976 1976 9960 2168
4848 4848 42529 8791
6563 6563 32675 32270
2459 2459 33336 25702
2639 2639 28263 37733
6608 6608 15796 28415
9673 9673 45736 16701
6224 6224 12592 28323
55 55 28466 38026
9204 9204 5142 45969
3641 3641 44703 29053
1715 1715 34763 4243
2766 2766 1272 12628
6416 6416 19462 41146
175 175 41015 46940
5756 5756 34234 9764
6318 6318 49088 289
7643 7643 23123 8214
2386 2386 36819 23545
1177 1177 29020 21054
7196 7196 30416 1603
4936 4936 13458 15988
7664 7664 24296 46848
170 170 37893 13188
16 16 43593 3719
4124 4124 22495 32868
4458 4458 42065 12084
3237 3237 45870 9140
2057 2057 5100 16889
3302 3302 1224 43338
9371 9371 1750 6362
8672 8672 14115 10577
8708 8708 7146 45106
7581 7581 1841 37804
6896 6896 47416 32701
7641 7641 4217 31334
7968 7968 49336 45566
1425 1425 42785 48567
4309 4309 45391 48294
5076 5076 32025 41997
2517 2517 45008 30096
1688 1688 20291 46974
5545 5545 12068 319
1722 1722 9762 4371
3288 3288 16777 26179
6100 6100 37734 8999
9084 9084 14374 37755
1714 1714 8383 5475
9746 9746 9139 21983
8296 8296 34227 24370
6133 6133 18051 29160
5962 5962 12339 34242
8134 8134 26737 13420
9498 9498 21580 4156
9941 9941 15082 41197
6767 6767 21652 8458
2066 2066 27520 17597
2362 2362 15437 28238
5055 5055 948 11397
7368 7368 41156 22843
4627 4627 11536 29800
4636 4636 10940 28882
4575 4575 7515 35455
416 416 48181 5399
5040 5040 14299 25842
186 186 16604 7335
1157 1157 42506 29537
6830 6830 13684 49694
1780 1780 39082 34834
3112 3112 30106 6548
292 292 7468 36493
654 654 30943 27306
3761 3761 2975 15854
1408 1408 26779 27716
9396 9396 27444 13370
2774 2774 39487 2793
1423 1423 35834 4696
510 510 34394 9015
2620 2620 21999 47616
6661 6661 16121 11689
6452 6452 31363 48525
790 790 30397 22119
9253 9253 41699 35254
567 567 32892 34508
3040 3040 19833 49176
797 797 10746 39727
4238 4238 613 37456
9823 9823 41854 41788
1942 1942 9225 17494
7323 7323 1820 31807
4303 4303 3887 641
9410 9410 37886 37739
886 886 27342 6018
5844 5844 7885 32130
3579 3579 30130 14429
8371 8371 28674 36539
534 534 34094 15251
6114 6114 31055 10085
6176 6176 11894 35633
5285 5285 9623 32015
3324 3324 39143 6053
3505 3505 25448 7663
235 235 28321 20915
6914 6914 46868 16176
9136 9136 8601 7868
5833 5833 5790 37546
9258 9258 15398 28438
4653 4653 17832 38051
8967 8967 14078 10334
3989 3989 45984 10683
8917 8917 26983 26854
7132 7132 14093 13290
9680 9680 18983 1002
5634 5634 9377 9135
765 765 36847 29422
3833 3833 44695 9477
8334 8334 28496 28781
9148 9148 12914 35661
7215 7215 24880 47083
2456 2456 35725 31972
7081 7081 25011 28314
2462 2462 41773 33668
9174 9174 46013 48667
6941 6941 18837 47807
7759 7759 41565 22361
6377 6377 36041 41392
4667 4667 6707 40230
5146 5146 3258 37708
238 238 42569 27193
2693 2693 44553 17888
9765 9765 27726 36326
1164 1164 37361 13883
3108 3108 7044 31247
9849 9849 28811 1486
9058 9058 19415 2474
8527 8527 15723 15513
7523 7523 44 3605
6957 6957 2370 46558
4485 4485 30632 27631
848 848 49342 47418
8735 8735 3693 46545
8375 8375 24535 18868
2033 2033 45064 29933
7811 7811 7951 27482
4356 4356 8978 11006
1615 1615 19711 12612
9889 9889 34081 43761
8737 8737 22109 49109
4550 4550 34978 29165
369 369 25409 27933
6155 6155 36596 26035
5500 5500 2353 34654
2487 2487 29556 46000
5262 5262 44691 33094
5369 5369 524 22441
2453 2453 31447 7730
6981 6981 25991 16903
947 947 21743 20757
5635 5635 29478 29187
9133 9133 47133 34037
2438 2438 47783 40829
6543 6543 25998 19758
2576 2576 46953 33171
4651 4651 40755 39968
5651 5651 43600 22439
9201 9201 20157 44088
9571 9571 7711 6300
6853 6853 45359 16718
195 195 19310 44124
1859 1859 19965 272
1949 1949 28602 49854
4135 4135 19259 47111
3846 3846 27471 35610
3850 3850 17504 2532
2693 2693 17834 21177
5189 5189 34544 9735
8569 8569 19412 30384
9352 9352 31944 16475
7629 7629 28324 12689
2521 2521 17449 44362
7214 7214 33282 12586
616 616 3272 24527
9135 9135 16653 46792
5357 5357 7528 21750
2286 2286 27154 11899
8350 8350 21295 39488
4186 4186 32733 7203
4721 4721 428 902
4278 4278 29037 26826
2926 2926 27136 33269
7195 7195 12973 39550
4638 4638 48246 28018
5061 5061 31562 36645
4993 4993 39922 5369
2843 2843 48817 36273
6709 6709 40365 4505
7596 7596 35906 44390
399 399 31523 18563
3184 3184 42561 42159
177 177 45028 25530
8790 8790 32431 36774
5003 5003 2126 26240
6115 6115 27950 30291
8488 8488 36149 22207
5121 5121 6455 39844
982 982 42312 11
1684 1684 17353 5270
190 190 44704 20345
8855 8855 32690 49343
8051 8051 45278 42770
2398 2398 3091 28589
1961 1961 4023 23596
1783 1783 36959 13128
922 922 10338 42328
9628 9628 24567 25114
1889 1889 9020 32260
6597 6597 40187 11400
298 298 3932 46455
9096 9096 42114 45191
487 487 14492 30179
4301 4301 41817 24594
7773 7773 17578 15513
2829 2829 1681 1673
5502 5502 42096 49328
2918 2918 42713 12719
1586 1586 33420 14818
6750 6750 14235 16344
772 772 7916 18254
3297 3297 24704 34336
7861 7861 25033 48969
2741 2741 29581 32600
4028 4028 20246 6740
9240 9240 7604 33566
9311 9311 38011 49581
8887 8887 5448 7978
157 157 21711 9804
1683 1683 10725 30847
6636 6636 10866 43895
985 985 33861 37479
1152 1152 49832 1084
5317 5317 32619 43045
2495 2495 22538 1557
3188 3188 27011 38221
4774 4774 27266 2319
4247 4247 33318 16612
7625 7625 43087 41699
5577 5577 45787 13030
9730 9730 23473 46690
2839 2839 47713 19270
6758 6758 3197 49606
2736 2736 33532 45425
3891 3891 35850 20008
6144 6144 8004 31951
3893 3893 7566 26279
9802 9802 9998 4516
8371 8371 39894 10459
7671 7671 42837 21935
6868 6868 21738 24754
8341 8341 28384 43639
2377 2377 47805 4419
6292 6292 27259 41733
9015 9015 15105 6493
3140 3140 9075 38363
5267 5267 15191 45591
6579 6579 32552 37309
3181 3181 321 14655
9095 9095 11842 35823
9901 9901 29522 472
8540 8540 29433 2993
3702 3702 26001 36396
8384 8384 36789 49320
6556 6556 24522 24094
7994 7994 31114 48329
4840 4840 3691 21277
133 133 30259 33524
7317 7317 2722 10433
7434 7434 40653 38746
6940 6940 36442 29246
4921 4921 30450 12187
4452 4452 28256 30068
8302 8302 7495 46124
2960 2960 37667 23936
4660 4660 39485 39506
6011 6011 5351 48528
6510 6510 4736 11183
9246 9246 39369 15420
5378 5378 10128 33648
5420 5420 9161 33433
1561 1561 19813 24126
8887 8887 34622 24557
4749 4749 34072 43335
5665 5665 4858 28819
2567 2567 11164 28985
489 489 14988 30174
884 884 13037 32315
2572 2572 35132 28596
2343 2343 44761 38809
8109 8109 30229 31600
5522 5522 42754 29052
7431 7431 23439 21066
9636 9636 19085 45821
9958 9958 10828 19901
9154 9154 47364 24424
6760 6760 33419 43235
7445 7445 39 33139
2888 2888 22623 42316
5465 5465 40260 3073
7192 7192 35987 15504
4826 4826 4556 6548
2853 2853 32623 21620
8599 8599 3891 29103
6449 6449 28566 40296
1237 1237 23982 23169
4638 4638 19623 30243
9995 9995 32533 24327
8762 8762 35697 2856
5389 5389 45155 18291
9240 9240 14735 2665
980 980 46952 5324
4481 4481 18307 18600
3105 3105 45521 18038
4594 4594 18265 8153
973 973 38738 3865
7486 7486 7641 28999
5818 5818 49556 12178
9681 9681 21101 23915
767 767 24028 42905
4557 4557 1762 18628
6310 6310 13266 43444
9987 9987 26363 9737
3130 3130 47283 46406
6924 6924 43736 5035
290 290 11784 39264
7855 7855 43019 10525
3159 3159 43957 32224
9317 9317 35647 33272
6740 6740 38805 42190
6766 6766 35954 7135
2393 2393 40223 45727
4568 4568 4577 30557
5034 5034 49409 19703
4011 4011 10158 16426
4061 4061 17814 213
2505 2505 27506 5671
9276 9276 14528 20993
9066 9066 47159 4486
2492 2492 46731 16331
4067 4067 26265 24700
2746 2746 15907 33577
2905 2905 4640 16595
6102 6102 16369 20092
822 822 26717 14077
9507 9507 28530 43637
7031 7031 48915 660
775 775 34940 36749
6406 6406 44825 14620
7072 7072 30890 47972
3275 3275 27990 24717
3481 3481 49421 5161
4119 4119 35530 36515
6341 6341 10007 32951
2473 2473 21099 19069
787 787 25364 48769
1781 1781 3174 28966
6817 6817 15090 2701
5434 5434 38425 12747
9053 9053 4967 34721
1909 1909 37855 21473
4219 4219 23660 9405
5151 5151 3873 29564
9980 9980 6234 44080
9028 9028 47872 40829
1890 1890 9942 30095
671 671 49373 19004
1397 1397 15520 27678
5453 5453 3391 39422
6267 6267 34653 2125
8567 8567 30806 46964
752 752 39535 20836
3926 3926 24813 8588
2970 2970 35793 30483
9091 9091 28564 2646
9819 9819 11082 44887
7196 7196 1047 6547
1300 1300 47189 18545
6051 6051 27374 39803
2749 2749 21284 30142
4242 4242 47967 16420
1537 1537 1423 11158
1444 1444 8384 15264
6901 6901 29203 36098
2891 2891 48456 33737
4378 4378 19437 36003
9751 9751 8670 37966
7636 7636 8621 24899
8527 8527 6487 21435
2150 2150 7809 21876
2866 2866 49800 9323
9860 9860 31863 5719
5463 5463 10036 18941
9519 9519 23915 34097
4086 4086 6356 33293
7434 7434 10699 5792
7573 7573 25201 36621
3234 3234 44968 1709
4361 4361 3049 43398
9036 9036 35601 44733
643 643 35334 43140
6133 6133 32229 15894
2131 2131 7215 27366
5677 5677 14481 22769
9322 9322 34059 42553
6065 6065 23436 12919
6201 6201 2174 15633
9554 9554 13798 42460
885 885 43935 39784
5779 5779 20195 28567
3137 3137 1513 16616
4459 4459 13009 17393
5858 5858 27902 40565
7364 7364 45884 47484
7941 7941 22152 43725
7341 7341 38843 28388
6390 6390 23473 19669
2167 2167 38820 12135
1801 1801 49100 10776
6735 6735 14085 21044
3061 3061 33764 19906
1348 1348 32703 46213
6242 6242 12160 6948
4097 4097 42955 13752
9499 9499 48917 26208
4336 4336 49627 24897
9883 9883 44032 4517
8110 8110 24289 353
8740 8740 19492 42473
2058 2058 386 2241
6955 6955 6858 34286
8363 8363 29929 41642
2463 2463 23299 15279
5761 5761 35087 21484
4415 4415 33048 41440
2369 2369 27520 9527
3556 3556 12400 49762
1221 1221 47948 2201
6179 6179 25003 40322
3136 3136 895 34014
5798 5798 9729 10448
2263 2263 43164 2755
9247 9247 47639 2433
7541 7541 42384 41538
6712 6712 38387 21503
8305 8305 37109 17798
9675 9675 14544 23547
3312 3312 11397 7959
4287 4287 40767 41949
7418 7418 39669 40633
661 661 5142 43142
8946 8946 22695 18053
5394 5394 45681 48783
8264 8264 721 27200
7378 7378 10665 25420
4415 4415 25868 30549
2715 2715 4488 26896
7324 7324 20279 28020
2008 2008 19833 18395
7099 7099 26014 19242
7519 7519 38793 13151
2071 2071 5337 32188
1622 1622 24624 18606
6125 6125 47349 8206
9234 9234 18229 33625
382 382 39970 21878
3907 3907 19893 21235
8604 8604 37614 47988
2707 2707 7518 15518
7977 7977 12968 47714
7416 7416 7029 42335
5062 5062 48240 5674
7778 7778 39299 28769
3365 3365 15666 46984
5985 5985 40886 39656
5308 5308 37809 11320
9189 9189 26288 37371
2228 2228 28449 25557
6416 6416 4997 32773
7670 7670 41805 39577
6320 6320 40856 49015
9935 9935 34617 49785
8739 8739 17748 30125
1930 1930 14466 42825
6392 6392 29990 20378
5548 5548 34397 14833
7949 7949 19585 6349
8495 8495 43920 17284
590 590 19943 35937
3669 3669 15486 15292
7913 7913 30010 31212
9327 9327 48246 15131
3079 3079 51 18027
7574 7574 8412 21906
4292 4292 585 25144
5183 5183 895 11180
6964 6964 20466 15371
5584 5584 17960 47584
3493 3493 30237 22493
6780 6780 43203 16541
6395 6395 15017 39143
8377 8377 5227 18382
1119 1119 33214 43523
2458 2458 40964 4573
3422 3422 9336 49456
9664 9664 8698 2059
4893 4893 17606 23400
1850 1850 42890 32938
8390 8390 13381 12350
43 43 14816 28383
6710 6710 12799 2678
9263 9263 13931 7422
8341 8341 12072 41006
8010 8010 29681 32030
8398 8398 32304 660
3028 3028 42898 34554
621 621 28911 18523
683 683 12376 473
5248 5248 47348 19882
1094 1094 38526 48624
5694 5694 10195 13559
7342 7342 900 8325
7942 7942 32764 26781
4706 4706 2880 46588
9670 9670 23541 12788
4528 4528 13086 21148
5173 5173 4048 18979
1540 1540 34027 33465
377 377 15948 29527
5601 5601 33809 18205
3289 3289 38967 9079
9584 9584 26284 13806
8578 8578 7570 42336
3069 3069 18595 31054
1685 1685 7194 4141
3982 3982 19119 10003
2617 2617 31293 42979
6266 6266 47657 20747
2900 2900 24304 22735
7968 7968 27100 22456
2969 2969 7705 38419
8410 8410 30271 27015
3282 3282 48384 28797
4212 4212 30602 17891
772 772 39475 46457
4281 4281 20314 37089
1379 1379 39694 9909
360 360 48118 47966
824 824 9621 15342
1115 1115 47039 35660
6276 6276 1939 40462
9190 9190 45126 980
4894 4894 34180 41816
5490 5490 38358 26196
1054 1054 18470 46366
3882 3882 45397 14894
7690 7690 26567 35108
2566 2566 3229 36894
2358 2358 34211 5014
1839 1839 46837 5502
2530 2530 16491 10596
5808 5808 35299 22352
7223 7223 27884 8894
87 87 27797 28110
9983 9983 24208 369
3316 3316 5789 11760
974 974 17266 46252
690 690 24861 4749
9242 9242 38080 43277
349 349 36229 10234
1819 1819 35795 28761
3988 3988 10809 18645
9905 9905 2936 28982
8334 8334 25787 9830
2023 2023 41322 20814
648 648 9509 16151
6586 6586 43954 1549
850 850 36338 2485
9244 9244 40837 11451
3758 3758 46864 42249
9299 9299 34468 21534
7446 7446 17705 11750
9092 9092 6528 36841
8260 8260 25252 35083
5761 5761 2920 26648
8456 8456 3653 12349
1350 1350 28518 25031
9179 9179 31134 26137
3752 3752 9388 42998
4507 4507 18508 21180
2107 2107 15440 13675
9432 9432 13698 15199
7909 7909 13176 12825
222 222 2969 49001
7393 7393 10061 12512
5321 5321 5304 12779
4063 4063 26741 12340
4928 4928 26023 36306
1411 1411 46180 5933
4180 4180 21658 43361
5669 5669 36226 1571
1779 1779 9396 24668
7734 7734 47726 47365
6214 6214 13075 40488
5873 5873 37886 36661
5460 5460 7553 20627
6349 6349 42030 15354
5133 5133 29008 8063
6990 6990 13386 33047
7336 7336 5691 30286
4681 4681 37117 13128
7574 7574 11702 7935
262 262 966 11029
8073 8073 49062 45366
1657 1657 41069 32604
588 588 33447 799
8159 8159 25796 14147
5225 5225 7212 30221
650 650 6589 13116
9153 9153 5514 27628
1723 1723 37756 1463
7822 7822 6802 27488
5735 5735 16623 30557
5352 5352 37991 16008
3105 3105 46109 38123
1750 1750 40902 37392
5113 5113 17779 38693
9984 9984 28992 18038
7640 7640 45526 30921
8224 8224 14690 39717
8733 8733 33140 18153
1045 1045 10023 46903
5587 5587 31267 20267
4637 4637 37041 16394
9673 9673 8300 39145
4183 4183 44240 5804
5173 5173 47019 11981
1298 1298 29160 43282
1677 1677 20690 45036
7886 7886 41214 18478
7873 7873 21823 43887
3538 3538 6135 31198
6560 6560 44514 17078
4595 4595 29893 32058
4396 4396 46895 5995
8356 8356 19423 38530
5719 5719 47916 25153
7079 7079 45088 15820
364 364 44605 3375
8598 8598 32229 7574
6155 6155 33948 7547
8192 8192 17315 21470
7358 7358 20535 49602
5468 5468 488 28597
3206 3206 769 41570
7826 7826 16013 43869
8536 8536 27629 1264
230 230 44090 4107
9550 9550 13399 45088
2245 2245 28705 10491
6974 6974 9147 11292
1015 1015 25788 15913
5823 5823 10224 29505
481 481 41654 34837
4276 4276 5218 40001
1708 1708 11176 23765
3062 3062 18078 24709
1297 1297 45891 34900
5877 5877 35759 48119
6026 6026 38006 39186
9293 9293 21155 36217
7688 7688 44934 3035
8253 8253 14508 5968
3708 3708 27996 28247
8672 8672 23150 18157
7855 7855 39819 39283
6935 6935 16099 4050
9398 9398 16784 10999
4857 4857 13202 5456
1948 1948 10007 34487
5463 5463 39331 33353
2272 2272 25819 22099
5207 5207 48675 8070
5601 5601 41475 6562
1760 1760 3363 26976
3049 3049 44714 7129
6092 6092 41201 48165
6506 6506 14687 45681
1111 1111 2651 1750
2759 2759 46698 13747
2409 2409 27474 44228
9666 9666 12568 23584
4732 4732 28917 7669
1208 1208 14038 4211
8178 8178 30176 42623
4289 4289 19741 46922
2517 2517 23684 27152
